%time,field.layout.dim0.label,field.layout.dim0.size,field.layout.dim0.stride,field.layout.dim1.label,field.layout.dim1.size,field.layout.dim1.stride,field.layout.dim2.label,field.layout.dim2.size,field.layout.dim2.stride,field.layout.data_offset,field.data0,field.data1,field.data2,field.data3,field.data4,field.data5,field.data6,field.data7,field.data8,field.data9,field.data10,field.data11,field.data12,field.data13,field.data14,field.data15,field.data16,field.data17,field.data18,field.data19,field.data20,field.data21,field.data22,field.data23,field.data24,field.data25,field.data26,field.data27,field.data28,field.data29,field.data30,field.data31
1625182216131653878,height,4,32,width,4,8,imag,2,2,0,0.000150132385897,0.0,0.000169522885699,0.00743430061266,-0.00446050520986,0.00627827830613,-0.00848408788443,-0.000852526456583,0.000169522885699,-0.00743430061266,0.375614970922,0.0,0.306821107864,0.229590013623,-0.0563825517893,0.417913675308,-0.00446050520986,-0.00627827830613,0.306821107864,-0.229590013623,0.403842419386,0.0,0.216576591134,0.382577419281,-0.00848408788443,0.000852526456583,-0.0563825517893,-0.417913675308,0.216576591134,-0.382577419281,0.490013390779,0.0
1625182216271921576,height,4,32,width,4,8,imag,2,2,0,4.17064620706e-05,0.0,0.000146644961205,0.0019549857825,-0.00109370995779,0.00171910354402,-0.00224276492372,-0.000146467558807,0.000146644961205,-0.0019549857825,0.0938076302409,0.0,0.0768387243152,0.0576083883643,-0.0157978255302,0.104270011187,-0.00109370995779,-0.00171910354402,0.0768387243152,-0.0576083883643,0.10158739984,0.0,0.0528321042657,0.0967060402036,-0.00224276492372,0.000146467558807,-0.0157978255302,-0.104270011187,0.0528321042657,-0.0967060402036,0.122427180409,0.0
1625182216397067818,height,4,32,width,4,8,imag,2,2,0,4.20528927236e-08,0.0,2.65773558716e-09,-3.20638915419e-09,-2.80577800993e-08,-1.15058842454e-08,-1.48536498656e-08,-3.96425159366e-09,2.65773558716e-09,3.20638915419e-09,3.98894553655e-06,0.0,2.18490594506e-08,-8.26554114042e-08,4.94047753818e-08,-6.41811226387e-08,-2.80577800993e-08,1.15058842454e-08,2.18490594506e-08,8.26554114042e-08,4.61621493741e-06,0.0,3.05997872374e-07,8.7159655493e-08,-1.48536498656e-08,3.96425159366e-09,4.94047753818e-08,6.41811226387e-08,3.05997872374e-07,-8.7159655493e-08,5.32429157829e-06,0.0
1625182216525729910,height,4,32,width,4,8,imag,2,2,0,4.1833512654e-08,0.0,4.35324935821e-11,-5.71847635911e-09,-2.81869869667e-08,-6.78975631274e-09,-6.3287348695e-09,-6.37728714281e-09,4.35324935821e-11,5.71847635911e-09,3.9958194975e-06,0.0,5.32376951412e-08,-1.07051405962e-07,-8.35442559577e-09,-3.05045233517e-08,-2.81869869667e-08,6.78975631274e-09,5.32376951412e-08,1.07051405962e-07,4.64527283839e-06,0.0,3.11020301069e-07,9.19252372e-08,-6.3287348695e-09,6.37728714281e-09,-8.35442559577e-09,3.05045233517e-08,3.11020301069e-07,-9.19252372e-08,5.33559295945e-06,0.0
1625182216658128422,height,4,32,width,4,8,imag,2,2,0,4.17663024166e-08,0.0,1.46335932261e-09,1.96854754719e-10,-2.88007111493e-08,-8.73493366527e-09,-1.6440134587e-08,-9.18110387715e-09,1.46335932261e-09,-1.96854754719e-10,3.96689029003e-06,0.0,4.69700687233e-08,-1.25454960198e-07,5.60681456818e-08,-7.92846854836e-09,-2.88007111493e-08,8.73493366527e-09,4.69700687233e-08,1.25454960198e-07,4.67514428237e-06,0.0,3.41261255699e-07,9.5481844653e-08,-1.6440134587e-08,9.18110387715e-09,5.60681456818e-08,7.92846854836e-09,3.41261255699e-07,-9.5481844653e-08,5.34096216143e-06,0.0
1625182216785553881,height,4,32,width,4,8,imag,2,2,0,4.17976266931e-08,0.0,7.76166242389e-10,-4.95620211538e-09,-2.67665090092e-08,-8.87893580881e-09,-1.44566305593e-08,-8.16113310265e-09,7.76166242389e-10,4.95620211538e-09,3.93651953345e-06,0.0,5.32582902224e-08,-1.16864633526e-07,3.15332933098e-08,-2.2488116258e-08,-2.67665090092e-08,8.87893580881e-09,5.32582902224e-08,1.16864633526e-07,4.64041841042e-06,0.0,3.02939184849e-07,8.56034034769e-08,-1.44566305593e-08,8.16113310265e-09,3.15332933098e-08,2.2488116258e-08,3.02939184849e-07,-8.56034034769e-08,5.41586496183e-06,0.0
1625182216920459774,height,4,32,width,4,8,imag,2,2,0,4.19183230349e-08,0.0,1.14583509347e-09,-3.05265190903e-09,-2.92040382988e-08,-1.30630777306e-08,-7.52768247736e-09,-9.52516820973e-09,1.14583509347e-09,3.05265190903e-09,3.8708426473e-06,0.0,4.83539288609e-08,-1.27432556951e-07,6.21734912443e-08,5.07197039923e-09,-2.92040382988e-08,1.30630777306e-08,4.83539288609e-08,1.27432556951e-07,4.67342852062e-06,0.0,3.20986288216e-07,1.26593008076e-07,-7.52768247736e-09,9.52516820973e-09,6.21734912443e-08,-5.07197039923e-09,3.20986288216e-07,-1.26593008076e-07,5.32704052603e-06,0.0
1625182217044312281,height,4,32,width,4,8,imag,2,2,0,4.1324977218e-08,0.0,1.66453428818e-09,-2.33694646967e-10,-2.92201995933e-08,-1.08826672118e-08,-1.07371835867e-08,-8.88465567783e-09,1.66453428818e-09,2.33694646967e-10,3.98176462113e-06,0.0,2.83459993256e-08,-9.718184657e-08,4.72324366285e-08,2.85203203276e-08,-2.92201995933e-08,1.08826672118e-08,2.83459993256e-08,9.718184657e-08,4.64793265564e-06,0.0,3.09428202172e-07,1.00316405849e-07,-1.07371835867e-08,8.88465567783e-09,4.72324366285e-08,-2.85203203276e-08,3.09428202172e-07,-1.00316405849e-07,5.3118874348e-06,0.0
1625182217173415859,height,4,32,width,4,8,imag,2,2,0,4.1659983907e-08,0.0,2.49629050764e-09,-5.64512170342e-09,-2.97809599203e-08,-1.4282970362e-08,-1.43481093673e-08,-8.65023874752e-09,2.49629050764e-09,5.64512170342e-09,3.95702954847e-06,0.0,4.43010677031e-08,-4.25424033779e-08,-1.83463804149e-08,-8.70134471143e-08,-2.97809599203e-08,1.4282970362e-08,4.43010677031e-08,4.25424033779e-08,4.61420449938e-06,0.0,2.82785123318e-07,1.07521138659e-07,-1.43481093673e-08,8.65023874752e-09,-1.83463804149e-08,8.70134471143e-08,2.82785123318e-07,-1.07521138659e-07,5.32995318281e-06,0.0
1625182217303216481,height,4,32,width,4,8,imag,2,2,0,4.13576373148e-08,0.0,4.28480140258e-09,-3.79932130201e-09,-3.2012643203e-08,-1.01605683867e-08,-9.61248503017e-09,-1.09311644181e-08,4.28480140258e-09,3.79932130201e-09,3.98086967834e-06,0.0,1.05993738231e-08,-1.29608721977e-07,6.35203392108e-08,-5.67706521792e-08,-3.2012643203e-08,1.01605683867e-08,1.05993738231e-08,1.29608721977e-07,4.66397568744e-06,0.0,3.25230672615e-07,1.36695462061e-07,-9.61248503017e-09,1.09311644181e-08,6.35203392108e-08,5.67706521792e-08,3.25230672615e-07,-1.36695462061e-07,5.33645470568e-06,0.0
1625182217425497396,height,4,32,width,4,8,imag,2,2,0,4.14123846326e-08,0.0,-9.61138724165e-10,-9.26622500952e-10,-2.59755097431e-08,-1.22503562849e-08,-8.2532070067e-09,-6.68443034257e-09,-9.61138724165e-10,9.26622500952e-10,3.95103188566e-06,0.0,6.55915570746e-08,-1.01271034225e-07,-1.93988713981e-09,-4.73349928143e-08,-2.59755097431e-08,1.22503562849e-08,6.55915570746e-08,1.01271034225e-07,4.62596472062e-06,0.0,3.20195709946e-07,7.76152262461e-08,-8.2532070067e-09,6.68443034257e-09,-1.93988713981e-09,4.73349928143e-08,3.20195709946e-07,-7.76152262461e-08,5.37333653483e-06,0.0
1625182217552866812,height,4,32,width,4,8,imag,2,2,0,4.15349745708e-08,0.0,-1.43687436949e-10,-3.46208683943e-09,-2.6688327992e-08,-1.18203207222e-08,-1.45538177065e-08,-6.50767573163e-09,-1.43687436949e-10,3.46208683943e-09,3.98803194912e-06,0.0,1.52305066337e-08,-1.17494536767e-07,5.35691135894e-08,-3.30582423658e-08,-2.6688327992e-08,1.18203207222e-08,1.52305066337e-08,1.17494536767e-07,4.62681146018e-06,0.0,3.55264091922e-07,1.58787258897e-07,-1.45538177065e-08,6.50767573163e-09,5.35691135894e-08,3.30582423658e-08,3.55264091922e-07,-1.58787258897e-07,5.42421139471e-06,0.0
1625182217688009388,height,4,32,width,4,8,imag,2,2,0,4.21446557652e-08,0.0,-9.89240245275e-10,4.89542073545e-10,-2.69565578748e-08,-8.65136584594e-09,-1.13632623311e-08,-1.14011129426e-08,-9.89240245275e-10,-4.89542073545e-10,3.92786205339e-06,0.0,-5.36959032793e-10,-1.23067820823e-07,2.87304704472e-08,-1.06212239004e-09,-2.69565578748e-08,8.65136584594e-09,-5.36959032793e-10,1.23067820823e-07,4.67345989819e-06,0.0,3.15663641004e-07,1.04434306536e-07,-1.13632623311e-08,1.14011129426e-08,2.87304704472e-08,1.06212239004e-09,3.15663641004e-07,-1.04434306536e-07,5.33323691343e-06,0.0
1625182217809171376,height,4,32,width,4,8,imag,2,2,0,4.18484447096e-08,0.0,1.558167817e-09,-1.89027127284e-09,-3.03561122905e-08,-9.83368853014e-09,-1.70012253164e-08,-1.07493622892e-08,1.558167817e-09,1.89027127284e-09,3.92632546209e-06,0.0,6.14951076727e-08,-1.19706143664e-07,9.87230652783e-09,1.38152609352e-08,-3.03561122905e-08,9.83368853014e-09,6.14951076727e-08,1.19706143664e-07,4.62273283119e-06,0.0,3.42227338024e-07,8.24887465001e-08,-1.70012253164e-08,1.07493622892e-08,9.87230652783e-09,-1.38152609352e-08,3.42227338024e-07,-8.24887465001e-08,5.31728619535e-06,0.0
1625182217937400149,height,4,32,width,4,8,imag,2,2,0,4.16155430116e-08,0.0,-1.21964782718e-09,-2.88090262757e-09,-2.91050294976e-08,-9.6715977449e-09,-1.76964878307e-08,-9.33848554041e-09,-1.21964782718e-09,2.88090262757e-09,3.9846022446e-06,0.0,3.62842484947e-08,-7.52661861725e-08,5.85635149264e-08,-4.31204441043e-08,-2.91050294976e-08,9.6715977449e-09,3.62842484947e-08,7.52661861725e-08,4.65263337901e-06,0.0,3.49980922465e-07,1.2691961615e-07,-1.76964878307e-08,9.33848554041e-09,5.85635149264e-08,4.31204441043e-08,3.49980922465e-07,-1.2691961615e-07,5.3176122492e-06,0.0
1625182218067302895,height,4,32,width,4,8,imag,2,2,0,4.13217478012e-08,0.0,-3.80174003389e-10,-3.89547683e-09,-2.82925469719e-08,-8.77149464173e-09,-1.73861085528e-08,-6.90335211218e-09,-3.80174003389e-10,3.89547683e-09,3.9522692532e-06,0.0,1.81682597855e-08,-1.00644484746e-07,2.3195703136e-08,6.4380474285e-09,-2.82925469719e-08,8.77149464173e-09,1.81682597855e-08,1.00644484746e-07,4.61409672425e-06,0.0,3.14323699513e-07,1.35822148195e-07,-1.73861085528e-08,6.90335211218e-09,2.3195703136e-08,-6.4380474285e-09,3.14323699513e-07,-1.35822148195e-07,5.39456414117e-06,0.0
1625182218193124584,height,4,32,width,4,8,imag,2,2,0,4.19289918341e-08,0.0,-1.83095805184e-09,-4.14670431326e-09,-3.09257544018e-08,-8.37468316917e-09,-1.32456534629e-08,-8.47436343321e-09,-1.83095805184e-09,4.14670431326e-09,3.93428354073e-06,0.0,5.72013547639e-08,-1.0014724694e-07,3.28038574082e-08,-4.61162734666e-08,-3.09257544018e-08,8.37468316917e-09,5.72013547639e-08,1.0014724694e-07,4.58677141069e-06,0.0,3.90034699649e-07,1.24987636241e-07,-1.32456534629e-08,8.47436343321e-09,3.28038574082e-08,4.61162734666e-08,3.90034699649e-07,-1.24987636241e-07,5.40808241567e-06,0.0
1625182218322471633,height,4,32,width,4,8,imag,2,2,0,4.15983016921e-08,0.0,8.68932925613e-10,-2.62446375743e-09,-2.74517493182e-08,-6.1994196443e-09,-1.41905163176e-08,-1.25037935561e-08,8.68932925613e-10,2.62446375743e-09,3.9609471969e-06,0.0,5.94934306264e-08,-1.2778851044e-07,5.46127516543e-08,-4.99976700041e-08,-2.74517493182e-08,6.1994196443e-09,5.94934306264e-08,1.2778851044e-07,4.63872538603e-06,0.0,3.68603195966e-07,1.06989041626e-07,-1.41905163176e-08,1.25037935561e-08,5.46127516543e-08,4.99976700041e-08,3.68603195966e-07,-1.06989041626e-07,5.27842848896e-06,0.0
1625182218451216168,height,4,32,width,4,8,imag,2,2,0,4.15030534384e-08,0.0,1.83956394562e-09,-3.90822396668e-09,-2.700959989e-08,-3.3629781182e-09,-1.67432379072e-08,-7.66279928399e-09,1.83956394562e-09,3.90822396668e-09,3.94108428736e-06,0.0,2.33971668706e-08,-9.17728186778e-08,8.49833181604e-09,-1.32264030839e-08,-2.700959989e-08,3.3629781182e-09,2.33971668706e-08,9.17728186778e-08,4.54047585663e-06,0.0,2.90195117714e-07,1.29841026819e-07,-1.67432379072e-08,7.66279928399e-09,8.49833181604e-09,1.32264030839e-08,2.90195117714e-07,-1.29841026819e-07,5.35731442142e-06,0.0
1625182218578977627,height,4,32,width,4,8,imag,2,2,0,4.19575911792e-08,0.0,3.16925485855e-09,-2.38046271583e-09,-2.93756858838e-08,-9.75795444447e-09,-1.98414813468e-08,-8.05652611291e-09,3.16925485855e-09,2.38046271583e-09,3.96398309022e-06,0.0,6.64719266297e-08,-9.07008157469e-08,2.40517650241e-08,-4.05623445943e-08,-2.93756858838e-08,9.75795444447e-09,6.64719266297e-08,9.07008157469e-08,4.6230152293e-06,0.0,3.06054346311e-07,1.44318605066e-07,-1.98414813468e-08,8.05652611291e-09,2.40517650241e-08,4.05623445943e-08,3.06054346311e-07,-1.44318605066e-07,5.4056308727e-06,0.0
1625182218707308289,height,4,32,width,4,8,imag,2,2,0,4.18080787767e-08,0.0,9.66063229413e-10,-2.58784371709e-09,-3.27777485154e-08,-6.13183459564e-09,-1.54452841628e-08,-5.61269608568e-09,9.66063229413e-10,2.58784371709e-09,3.94452035835e-06,0.0,-9.72702984825e-09,-1.09598396136e-07,7.22470971937e-08,1.92793940812e-08,-3.27777485154e-08,6.13183459564e-09,-9.72702984825e-09,1.09598396136e-07,4.64890808871e-06,0.0,3.57817157237e-07,5.1375533161e-08,-1.54452841628e-08,5.61269608568e-09,7.22470971937e-08,-1.92793940812e-08,3.57817157237e-07,-5.1375533161e-08,5.34078344572e-06,0.0
1625182218834262968,height,4,32,width,4,8,imag,2,2,0,4.16638279432e-08,0.0,7.81587128351e-10,-3.13830450516e-09,-2.59800998492e-08,-7.82315012771e-09,-1.75587757667e-08,-8.62465032725e-09,7.81587128351e-10,3.13830450516e-09,3.95385950469e-06,0.0,3.23085096454e-08,-1.03086073011e-07,3.67545709423e-08,-1.23613999037e-08,-2.59800998492e-08,7.82315012771e-09,3.23085096454e-08,1.03086073011e-07,4.67677273264e-06,0.0,3.13099405957e-07,9.3787761557e-08,-1.75587757667e-08,8.62465032725e-09,3.67545709423e-08,1.23613999037e-08,3.13099405957e-07,-9.3787761557e-08,5.28846430825e-06,0.0
1625182218963442818,height,4,32,width,4,8,imag,2,2,0,4.18143137892e-08,0.0,1.64522606649e-09,-4.9393271695e-09,-3.10054169006e-08,-7.56348406128e-09,-1.31006627768e-08,-1.01099573158e-08,1.64522606649e-09,4.9393271695e-09,3.94761036659e-06,0.0,5.56256978257e-08,-1.01097576533e-07,7.17357195867e-09,1.30999708858e-08,-3.10054169006e-08,7.56348406128e-09,5.56256978257e-08,1.01097576533e-07,4.65318089482e-06,0.0,3.71710115132e-07,9.34951600584e-08,-1.31006627768e-08,1.01099573158e-08,7.17357195867e-09,-1.30999708858e-08,3.71710115132e-07,-9.34951600584e-08,5.34052196599e-06,0.0
1625182219090706056,height,4,32,width,4,8,imag,2,2,0,4.18373389266e-08,0.0,-8.03689448325e-10,-7.01613522835e-09,-2.87246457731e-08,-5.94516125219e-09,-9.72273639377e-09,-3.88272125562e-09,-8.03689448325e-10,7.01613522835e-09,3.95274582843e-06,0.0,4.42600338602e-08,-9.66792015333e-08,-6.93401280838e-10,-2.24000658022e-08,-2.87246457731e-08,5.94516125219e-09,4.42600338602e-08,9.66792015333e-08,4.62701609649e-06,0.0,3.73306306756e-07,7.74016868377e-08,-9.72273639377e-09,3.88272125562e-09,-6.93401280838e-10,2.24000658022e-08,3.73306306756e-07,-7.74016868377e-08,5.37108280696e-06,0.0
1625182219219366953,height,4,32,width,4,8,imag,2,2,0,4.152473565e-08,0.0,7.17979731224e-10,-5.08936182086e-09,-2.90203363562e-08,-5.83604808924e-09,-1.53353045818e-08,-9.42168654205e-09,7.17979731224e-10,5.08936182086e-09,3.93417030864e-06,0.0,-1.78523729133e-09,-1.22006966308e-07,2.61472199448e-09,-4.12932266158e-08,-2.90203363562e-08,5.83604808924e-09,-1.78523729133e-09,1.22006966308e-07,4.63975402454e-06,0.0,3.29111259134e-07,1.2103768654e-07,-1.53353045818e-08,9.42168654205e-09,2.61472199448e-09,4.12932266158e-08,3.29111259134e-07,-1.2103768654e-07,5.31198884346e-06,0.0
1625182219346499901,height,4,32,width,4,8,imag,2,2,0,4.20901784537e-08,0.0,2.86429502339e-09,-4.26215684968e-09,-2.79264735781e-08,-5.73536995674e-09,-1.21616556825e-08,-9.62447455066e-09,2.86429502339e-09,4.26215684968e-09,3.97843314204e-06,0.0,3.01787679291e-08,-1.07997237819e-07,1.88933384493e-08,-1.93474285481e-08,-2.79264735781e-08,5.73536995674e-09,3.01787679291e-08,1.07997237819e-07,4.66691244583e-06,0.0,3.79398926498e-07,1.44351318454e-07,-1.21616556825e-08,9.62447455066e-09,1.88933384493e-08,1.93474285481e-08,3.79398926498e-07,-1.44351318454e-07,5.40922837899e-06,0.0
1625182219475295391,height,4,32,width,4,8,imag,2,2,0,1.3984316638e-06,0.0,1.47940090756e-05,-0.000346702261595,0.000202486000489,-0.000294839293929,0.000280816981103,0.000214754982153,1.47940090756e-05,0.000346702261595,0.104915201664,0.0,0.090261913836,0.0563394390047,-0.0563495457172,0.0907214060426,0.000202486000489,0.000294839293929,0.090261913836,-0.0563394390047,0.111550629139,0.0,0.000361861515557,0.109895326197,0.000280816981103,-0.000214754982153,-0.0563495457172,-0.0907214060426,0.000361861515557,-0.109895326197,0.111821636558,0.0
1625182219602433124,height,4,32,width,4,8,imag,2,2,0,3.87872796637e-06,0.0,-8.74073248269e-06,-0.00113065517507,0.00061182375066,-0.000990935252048,0.000964451290201,0.00062160519883,-8.74073248269e-06,0.00113065517507,0.384108632803,0.0,0.329413950443,0.206536799669,-0.20033441484,0.335425645113,0.00061182375066,0.000990935252048,0.329413950443,-0.206536799669,0.407527178526,0.0,0.00903232209384,0.401536017656,0.000964451290201,-0.00062160519883,-0.20033441484,-0.335425645113,0.00903232209384,-0.401536017656,0.407232135534,0.0
1625182219737335295,height,4,32,width,4,8,imag,2,2,0,2.82695032183e-06,0.0,8.10957644717e-05,-0.000925300410017,0.000577741418965,-0.000762455223594,0.000744163524359,0.00059454026632,8.10957644717e-05,0.000925300410017,0.383511811495,0.0,0.32913172245,0.206514775753,-0.200940728188,0.337484419346,0.000577741418965,0.000762455223594,0.32913172245,-0.206514775753,0.407615035772,0.0,0.00980983395129,0.403847068548,0.000744163524359,-0.00059454026632,-0.200940728188,-0.337484419346,0.00980983395129,-0.403847068548,0.411706000566,0.0
1625182219858913680,height,4,32,width,4,8,imag,2,2,0,1.49185109422e-06,0.0,0.000285835500108,-0.000477851979667,0.000511168385856,-0.000258280488197,0.000227717493544,0.000546133844182,0.000285835500108,0.000477851979667,0.381219595671,0.0,0.326073944569,0.206225290895,-0.203647866845,0.336125910282,0.000511168385856,0.000258280488197,0.326073944569,-0.206225290895,0.404553115368,0.0,0.00815196894109,0.403594821692,0.000227717493544,-0.000546133844182,-0.203647866845,-0.336125910282,0.00815196894109,-0.403594821692,0.415233761072,0.0
1625182219986701888,height,4,32,width,4,8,imag,2,2,0,4.56244788438e-06,0.0,0.00108653237112,9.75156362983e-05,0.000883324013557,0.000690526387189,-0.00075231527444,0.000950641056988,0.00108653237112,-9.75156362983e-05,0.381016641855,0.0,0.324651539326,0.208678856492,-0.212411627173,0.337326109409,0.000883324013557,-0.000690526387189,0.324651539326,-0.208678856492,0.403449416161,0.0,0.00413721939549,0.408676683903,-0.00075231527444,-0.000950641056988,-0.212411627173,-0.337326109409,0.00413721939549,-0.408676683903,0.426793903112,0.0
1625182220113367697,height,4,32,width,4,8,imag,2,2,0,3.99247001042e-05,0.0,0.00290302070789,0.00224405457266,0.00116819236428,0.00358485872857,-0.00382037134841,0.00136384391226,0.00290302070789,-0.00224405457266,0.381600916386,0.0,0.319268226624,0.216663479805,-0.221362277865,0.345892310143,0.00116819236428,-0.00358485872857,0.319268226624,-0.216663479805,0.404208630323,0.0,0.0117595577613,0.419685572386,-0.00382037134841,-0.00136384391226,-0.221362277865,-0.345892310143,0.0117595577613,-0.419685572386,0.451177358627,0.0
1625182220243183795,height,4,32,width,4,8,imag,2,2,0,0.000117185525596,0.0,0.00446122325957,0.00488116173074,0.000873249780852,0.00674743019044,-0.00713940430433,0.00140700303018,0.00446122325957,-0.00488116173074,0.383969902992,0.0,0.317744970322,0.223475903273,-0.217364415526,0.352655023336,0.000873249780852,-0.00674743019044,0.317744970322,-0.223475903273,0.406847983599,0.0,0.0261623598635,0.422789514065,-0.00713940430433,-0.00140700303018,-0.217364415526,-0.352655023336,0.0261623598635,-0.422789514065,0.456634581089,0.0
1625182220370276620,height,4,32,width,4,8,imag,2,2,0,7.73371939431e-05,0.0,0.00377528835088,0.00367652950808,0.00108305271715,0.00531669519842,-0.00535621633753,0.00192407751456,0.00377528835088,-0.00367652950808,0.377659529448,0.0,0.316226422787,0.215406984091,-0.174508318305,0.358944147825,0.00108305271715,-0.00531669519842,0.316226422787,-0.215406984091,0.401354759932,0.0,0.0602963790298,0.405426084995,-0.00535621633753,-0.00192407751456,-0.174508318305,-0.358944147825,0.0602963790298,-0.405426084995,0.433248847723,0.0
1625182220498774647,height,4,32,width,4,8,imag,2,2,0,8.01777932793e-05,0.0,0.00475412746891,0.0025989797432,0.00259812641889,0.00494037987664,-0.00432487763464,0.00412586284801,0.00475412746891,-0.0025989797432,0.379936546087,0.0,0.320918381214,0.213357433677,-0.127036392689,0.386924296618,0.00259812641889,-0.00494037987664,0.320918381214,-0.213357433677,0.403909891844,0.0,0.113481096923,0.403371572495,-0.00432487763464,-0.00412586284801,-0.127036392689,-0.386924296618,0.113481096923,-0.403371572495,0.450007289648,0.0
1625182220625817422,height,4,32,width,4,8,imag,2,2,0,0.00014702664339,0.0,0.00544832926244,0.00490549346432,0.00180803798139,0.00732567580417,-0.00687787728384,0.00466145109385,0.00544832926244,-0.00490549346432,0.382993638515,0.0,0.320874303579,0.217775955796,-0.105213046074,0.41018217802,0.00180803798139,-0.00732567580417,0.320874303579,-0.217775955796,0.406882613897,0.0,0.151293665171,0.409280627966,-0.00687787728384,-0.00466145109385,-0.105213046074,-0.41018217802,0.151293665171,-0.409280627966,0.481696307659,0.0
1625182220754593584,height,4,32,width,4,8,imag,2,2,0,9.78893076535e-05,0.0,0.00225407723337,0.00350096449256,-0.000175347769982,0.00429711071774,-0.00441054347903,0.00163469288964,0.00225407723337,-0.00350096449256,0.180984929204,0.0,0.150541111827,0.106103770435,-0.0445005223155,0.194901227951,-0.000175347769982,-0.00429711071774,0.150541111827,-0.106103770435,0.193413391709,0.0,0.0798484683037,0.190807238221,-0.00441054347903,-0.00163469288964,-0.0445005223155,-0.194901227951,0.0798484683037,-0.190807238221,0.227795913815,0.0
1625182220885541878,height,4,32,width,4,8,imag,2,2,0,4.21574100073e-08,0.0,3.25692606218e-09,-4.4164818469e-09,-3.23293036786e-08,-1.24727446149e-08,-1.33477007225e-08,-1.07147783979e-08,3.25692606218e-09,4.4164818469e-09,3.95181268686e-06,0.0,-1.89339632861e-09,-1.04748458796e-07,8.40101055388e-09,-3.72335229315e-08,-3.23293036786e-08,1.24727446149e-08,-1.89339632861e-09,1.04748458796e-07,4.69339875053e-06,0.0,3.30610106403e-07,1.26284589896e-07,-1.33477007225e-08,1.07147783979e-08,8.40101055388e-09,3.72335229315e-08,3.30610106403e-07,-1.26284589896e-07,5.36787183592e-06,0.0
1625182221010746367,height,4,32,width,4,8,imag,2,2,0,4.18963495008e-08,0.0,1.51898904566e-09,-2.75584643994e-09,-2.8732296542e-08,-7.96309684858e-09,-1.20804637405e-08,-7.21739201737e-09,1.51898904566e-09,2.75584643994e-09,3.95608822146e-06,0.0,1.09727213982e-08,-8.75073382645e-08,7.81310447451e-08,2.97730249343e-08,-2.8732296542e-08,7.96309684858e-09,1.09727213982e-08,8.75073382645e-08,4.64480535811e-06,0.0,3.63707130191e-07,8.32816411389e-08,-1.20804637405e-08,7.21739201737e-09,7.81310447451e-08,-2.97730249343e-08,3.63707130191e-07,-8.32816411389e-08,5.32206968273e-06,0.0
1625182221137871785,height,4,32,width,4,8,imag,2,2,0,4.19817638431e-08,0.0,8.40071567865e-10,-5.01560437627e-09,-2.7905864286e-08,-1.07938129545e-08,-1.34710420596e-08,-7.29711713277e-09,8.40071567865e-10,5.01560437627e-09,4.02598061555e-06,0.0,3.9692611864e-08,-1.6227934907e-07,-1.4057958353e-08,-4.09303702043e-08,-2.7905864286e-08,1.07938129545e-08,3.9692611864e-08,1.6227934907e-07,4.66458641313e-06,0.0,3.34138803737e-07,1.11950782866e-07,-1.34710420596e-08,7.29711713277e-09,-1.4057958353e-08,4.09303702043e-08,3.34138803737e-07,-1.11950782866e-07,5.3884132285e-06,0.0
1625182221266575311,height,4,32,width,4,8,imag,2,2,0,4.19377315097e-08,0.0,1.00947561421e-09,-5.82094061841e-09,-3.42108386064e-08,-6.00897553937e-09,-1.32077930814e-08,-1.02820063574e-08,1.00947561421e-09,5.82094061841e-09,3.96625637222e-06,0.0,4.79616417692e-08,-1.47012428897e-07,4.45756285217e-08,-4.18598560259e-08,-3.42108386064e-08,6.00897553937e-09,4.79616417692e-08,1.47012428897e-07,4.62773959953e-06,0.0,3.18605003713e-07,1.34374985805e-07,-1.32077930814e-08,1.02820063574e-08,4.45756285217e-08,4.18598560259e-08,3.18605003713e-07,-1.34374985805e-07,5.32346075488e-06,0.0
1625182221393870796,height,4,32,width,4,8,imag,2,2,0,4.18122496626e-08,0.0,8.97411478462e-10,-7.52799766968e-10,-2.82752807834e-08,-7.9529591801e-09,-1.33198110319e-08,-8.06990563262e-09,8.97411478462e-10,7.52799766968e-10,3.9486044443e-06,0.0,-5.95998095321e-09,-9.49244807202e-08,6.81739831254e-10,-3.23726800922e-09,-2.82752807834e-08,7.9529591801e-09,-5.95998095321e-09,9.49244807202e-08,4.59796365249e-06,0.0,3.23946494518e-07,1.01933117946e-07,-1.33198110319e-08,8.06990563262e-09,6.81739831254e-10,3.23726800922e-09,3.23946494518e-07,-1.01933117946e-07,5.4100946727e-06,0.0
1625182221522777736,height,4,32,width,4,8,imag,2,2,0,4.2042973547e-08,0.0,-3.85551013338e-09,-5.41131051079e-09,-3.24669215956e-08,-8.66283311751e-09,-1.7902973326e-08,-8.48667713882e-09,-3.85551013338e-09,5.41131051079e-09,3.95006281906e-06,0.0,3.85199498965e-08,-8.09817848335e-08,3.58401734957e-08,-5.56286749998e-09,-3.24669215956e-08,8.66283311751e-09,3.85199498965e-08,8.09817848335e-08,4.63100786874e-06,0.0,3.42708290191e-07,1.12799121155e-07,-1.7902973326e-08,8.48667713882e-09,3.58401734957e-08,5.56286749998e-09,3.42708290191e-07,-1.12799121155e-07,5.31172509e-06,0.0
1625182221649982285,height,4,32,width,4,8,imag,2,2,0,4.18343866215e-08,0.0,-1.86714466111e-09,-3.02043123845e-09,-2.87351475947e-08,-6.04105787616e-09,-1.38559643759e-08,-9.64742774556e-09,-1.86714466111e-09,3.02043123845e-09,3.94184598917e-06,0.0,4.05121092228e-08,-1.26073459228e-07,2.06450589957e-08,-1.00522328239e-08,-2.87351475947e-08,6.04105787616e-09,4.05121092228e-08,1.26073459228e-07,4.6718523663e-06,0.0,3.57486300118e-07,1.28046494297e-07,-1.38559643759e-08,9.64742774556e-09,2.06450589957e-08,1.00522328239e-08,3.57486300118e-07,-1.28046494297e-07,5.34522860107e-06,0.0
1625182221778606767,height,4,32,width,4,8,imag,2,2,0,4.16639274192e-08,0.0,5.14234099747e-10,-4.49549197867e-09,-2.9388599998e-08,-9.3125942513e-09,-1.74692651456e-08,-8.86332696126e-09,5.14234099747e-10,4.49549197867e-09,3.95559663957e-06,0.0,-2.89282712368e-11,-1.49549649109e-07,7.44308437106e-08,-3.1243672538e-08,-2.9388599998e-08,9.3125942513e-09,-2.89282712368e-11,1.49549649109e-07,4.57556961919e-06,0.0,2.95805904216e-07,1.30799321596e-07,-1.74692651456e-08,8.86332696126e-09,7.44308437106e-08,3.1243672538e-08,2.95805904216e-07,-1.30799321596e-07,5.37263395017e-06,0.0
1625182221912222970,height,4,32,width,4,8,imag,2,2,0,4.17090717519e-08,0.0,-1.83351445138e-09,-3.17331516619e-09,-2.81548242498e-08,-5.87022430665e-09,-1.31835120598e-08,-6.85978740478e-09,-1.83351445138e-09,3.17331516619e-09,3.94488506572e-06,0.0,2.31117045502e-08,-9.8314487218e-08,5.2075613155e-08,-7.71761321516e-08,-2.81548242498e-08,5.87022430665e-09,2.31117045502e-08,9.8314487218e-08,4.60113187728e-06,0.0,3.41510798307e-07,1.27316965859e-07,-1.31835120598e-08,6.85978740478e-09,5.2075613155e-08,7.71761321516e-08,3.41510798307e-07,-1.27316965859e-07,5.34761738891e-06,0.0
1625182222035382316,height,4,32,width,4,8,imag,2,2,0,4.1502239867e-08,0.0,6.25246021624e-10,-1.98128025097e-09,-2.93637718585e-08,-9.72712133063e-09,-1.6975372219e-08,-9.17193876404e-09,6.25246021624e-10,1.98128025097e-09,3.9999654291e-06,0.0,3.53436524492e-09,-6.44874376121e-08,5.57414452373e-08,-1.05124140504e-08,-2.93637718585e-08,9.72712133063e-09,3.53436524492e-09,6.44874376121e-08,4.64645472675e-06,0.0,3.61724602271e-07,1.05570954645e-07,-1.6975372219e-08,9.17193876404e-09,5.57414452373e-08,1.05124140504e-08,3.61724602271e-07,-1.05570954645e-07,5.38460744792e-06,0.0
1625182222161763195,height,4,32,width,4,8,imag,2,2,0,4.19180778977e-08,0.0,6.2072580409e-10,-2.78797918085e-09,-2.60435513155e-08,-1.38588296394e-08,-1.26545254275e-08,-1.06646060871e-08,6.2072580409e-10,2.78797918085e-09,3.98972633775e-06,0.0,6.32132426404e-08,-4.07707148042e-08,3.06540082207e-09,1.10902957928e-08,-2.60435513155e-08,1.38588296394e-08,6.32132426404e-08,4.07707148042e-08,4.61094850834e-06,0.0,3.55753570602e-07,1.23764493765e-07,-1.26545254275e-08,1.06646060871e-08,3.06540082207e-09,-1.10902957928e-08,3.55753570602e-07,-1.23764493765e-07,5.31843534191e-06,0.0
1625182222290814299,height,4,32,width,4,8,imag,2,2,0,4.16824263993e-08,0.0,2.77494538459e-09,-5.67438718235e-09,-2.96203612749e-08,-7.2166992382e-09,-1.426210261e-08,-1.21292575983e-08,2.77494538459e-09,5.67438718235e-09,3.93603659177e-06,0.0,5.63236284279e-08,-9.91090018942e-08,3.95486878801e-08,-3.00762081906e-08,-2.96203612749e-08,7.2166992382e-09,5.63236284279e-08,9.91090018942e-08,4.66130404675e-06,0.0,3.90419018004e-07,9.2428251719e-08,-1.426210261e-08,1.21292575983e-08,3.95486878801e-08,3.00762081906e-08,3.90419018004e-07,-9.2428251719e-08,5.41060535397e-06,0.0
1625182222417430806,height,4,32,width,4,8,imag,2,2,0,4.21228563141e-08,0.0,1.64734581531e-09,-5.41331757198e-10,-3.00248252927e-08,-1.00987689322e-08,-1.2172146846e-08,-6.30536822754e-09,1.64734581531e-09,5.41331757198e-10,3.98461452278e-06,0.0,1.26549020152e-08,-1.08057633952e-07,3.57245824034e-08,6.1478173663e-09,-3.00248252927e-08,1.00987689322e-08,1.26549020152e-08,1.08057633952e-07,4.62283514935e-06,0.0,2.99569762774e-07,6.06989871699e-08,-1.2172146846e-08,6.30536822754e-09,3.57245824034e-08,-6.1478173663e-09,2.99569762774e-07,-6.06989871699e-08,5.28917053089e-06,0.0
1625182222543985005,height,4,32,width,4,8,imag,2,2,0,4.1700186415e-08,0.0,-3.80937903444e-09,-2.24726925957e-09,-3.45127055823e-08,-6.62911636695e-09,-1.30582042956e-08,-8.81082495852e-09,-3.80937903444e-09,2.24726925957e-09,3.93214304495e-06,0.0,3.38699344127e-08,-1.21109195561e-07,3.33008820519e-08,-7.70696360064e-08,-3.45127055823e-08,6.62911636695e-09,3.38699344127e-08,1.21109195561e-07,4.60476258013e-06,0.0,3.10062176823e-07,1.5645561291e-07,-1.30582042956e-08,8.81082495852e-09,3.33008820519e-08,7.70696360064e-08,3.10062176823e-07,-1.5645561291e-07,5.43020769328e-06,0.0
1625182222670513974,height,4,32,width,4,8,imag,2,2,0,4.2165194003e-08,0.0,1.19245313623e-09,-4.17990575485e-09,-2.83994179284e-08,-1.04225525988e-08,-1.64574434081e-08,-1.19722862735e-08,1.19245313623e-09,4.17990575485e-09,3.96485438614e-06,0.0,4.58044731033e-08,-1.15459009464e-07,4.00772215414e-08,-4.46725056946e-09,-2.83994179284e-08,1.04225525988e-08,4.58044731033e-08,1.15459009464e-07,4.58924978375e-06,0.0,3.24222725112e-07,1.03295533904e-07,-1.64574434081e-08,1.19722862735e-08,4.00772215414e-08,4.46725056946e-09,3.24222725112e-07,-1.03295533904e-07,5.36431525688e-06,0.0
1625182222799486103,height,4,32,width,4,8,imag,2,2,0,4.17523189356e-08,0.0,-1.30908206497e-09,-3.99784472194e-09,-2.86648322856e-08,-8.74747829727e-09,-1.31276962634e-08,-1.11836442329e-08,-1.30908206497e-09,3.99784472194e-09,3.9371816456e-06,0.0,3.54869378327e-08,-1.10500558037e-07,3.66375232375e-08,-6.66797532745e-08,-2.86648322856e-08,8.74747829727e-09,3.54869378327e-08,1.10500558037e-07,4.63118567495e-06,0.0,3.08823331352e-07,9.13406736913e-08,-1.31276962634e-08,1.11836442329e-08,3.66375232375e-08,6.66797532745e-08,3.08823331352e-07,-9.13406736913e-08,5.34366927241e-06,0.0
1625182222932396290,height,4,32,width,4,8,imag,2,2,0,4.19025312226e-08,0.0,-9.87317227974e-10,-5.21669019093e-09,-2.85300103542e-08,-7.53532969355e-09,-1.55586583617e-08,-1.09769100476e-08,-9.87317227974e-10,5.21669019093e-09,3.91832827518e-06,0.0,4.26516422181e-08,-9.3936002088e-08,6.45683471134e-08,-2.5093900291e-08,-2.85300103542e-08,7.53532969355e-09,4.26516422181e-08,9.3936002088e-08,4.70533677799e-06,0.0,3.04844405719e-07,1.68371300902e-07,-1.55586583617e-08,1.09769100476e-08,6.45683471134e-08,2.5093900291e-08,3.04844405719e-07,-1.68371300902e-07,5.40516384717e-06,0.0
1625182223055630944,height,4,32,width,4,8,imag,2,2,0,4.1701465392e-08,0.0,-8.65987781484e-10,-3.66409169672e-09,-2.74464344585e-08,-1.1280755885e-08,-1.12311262512e-08,-1.0634015446e-08,-8.65987781484e-10,3.66409169672e-09,3.96248560719e-06,0.0,4.48410375498e-08,-1.30675815058e-07,-1.30800037468e-08,1.1655751031e-08,-2.74464344585e-08,1.1280755885e-08,4.48410375498e-08,1.30675815058e-07,4.66939991384e-06,0.0,3.24479941582e-07,1.07028739649e-07,-1.12311262512e-08,1.0634015446e-08,-1.30800037468e-08,-1.1655751031e-08,3.24479941582e-07,-1.07028739649e-07,5.29945555172e-06,0.0
1625182223185648965,height,4,32,width,4,8,imag,2,2,0,4.1847247445e-08,0.0,3.55175910904e-09,-4.9208104258e-09,-3.07938243793e-08,-8.71053362772e-09,-1.26670380851e-08,-1.05562909525e-08,3.55175910904e-09,4.9208104258e-09,4.00236103815e-06,0.0,5.40330802323e-08,-4.77962309731e-08,3.93432166845e-08,-3.04176239752e-08,-3.07938243793e-08,8.71053362772e-09,5.40330802323e-08,4.77962309731e-08,4.7038847697e-06,0.0,3.1600325201e-07,1.07678374661e-07,-1.26670380851e-08,1.05562909525e-08,3.93432166845e-08,3.04176239752e-08,3.1600325201e-07,-1.07678374661e-07,5.36962352271e-06,0.0
1625182223311785033,height,4,32,width,4,8,imag,2,2,0,4.2110077203e-08,0.0,-9.75780567458e-10,-7.66186758483e-09,-2.68757016642e-08,-7.91891974217e-09,-9.30451360404e-09,-1.06531627964e-08,-9.75780567458e-10,7.66186758483e-09,3.97109988626e-06,0.0,4.414580701e-08,-4.20101926579e-08,1.42560701022e-08,-4.76192703047e-08,-2.68757016642e-08,7.91891974217e-09,4.414580701e-08,4.20101926579e-08,4.58945987702e-06,0.0,3.12675609848e-07,1.13722478545e-07,-9.30451360404e-09,1.06531627964e-08,1.42560701022e-08,4.76192703047e-08,3.12675609848e-07,-1.13722478545e-07,5.37999721928e-06,0.0
1625182223439183315,height,4,32,width,4,8,imag,2,2,0,4.20019681258e-08,0.0,-2.63115995658e-09,-7.68026586773e-10,-2.76216542971e-08,-8.80278694382e-09,-1.29768498169e-08,-6.77513689595e-09,-2.63115995658e-09,7.68026586773e-10,3.96439463657e-06,0.0,5.29296961815e-08,-1.07517365677e-07,-1.08396145393e-08,-3.3216425166e-09,-2.76216542971e-08,8.80278694382e-09,5.29296961815e-08,1.07517365677e-07,4.65278799311e-06,0.0,3.30100391466e-07,1.26713189275e-07,-1.29768498169e-08,6.77513689595e-09,-1.08396145393e-08,3.3216425166e-09,3.30100391466e-07,-1.26713189275e-07,5.36515244676e-06,0.0
1625182223574153513,height,4,32,width,4,8,imag,2,2,0,4.17030676658e-08,0.0,2.97327551468e-10,-3.11874015502e-09,-2.67930282405e-08,-9.28499588326e-09,-1.7481109893e-08,-7.8995210373e-09,2.97327551468e-10,3.11874015502e-09,3.96236646338e-06,0.0,6.91052619572e-08,-9.925574318e-08,3.84972835832e-08,-1.04198187856e-08,-2.67930282405e-08,9.28499588326e-09,6.91052619572e-08,9.925574318e-08,4.62894013253e-06,0.0,2.79678317838e-07,8.5680468942e-08,-1.7481109893e-08,7.8995210373e-09,3.84972835832e-08,1.04198187856e-08,2.79678317838e-07,-8.5680468942e-08,5.36210200153e-06,0.0
1625182223695322902,height,4,32,width,4,8,imag,2,2,0,4.17966816713e-08,0.0,-5.64818969373e-10,-4.19299439613e-09,-2.93215425273e-08,-1.2943123906e-08,-1.05038013842e-08,-1.09379119095e-08,-5.64818969373e-10,4.19299439613e-09,3.95448205381e-06,0.0,4.08640161709e-08,-8.94889140568e-08,7.67232499754e-09,-4.39649632256e-08,-2.93215425273e-08,1.2943123906e-08,4.08640161709e-08,8.94889140568e-08,4.59789316665e-06,0.0,3.37551995244e-07,6.57455458963e-08,-1.05038013842e-08,1.09379119095e-08,7.67232499754e-09,4.39649632256e-08,3.37551995244e-07,-6.57455458963e-08,5.35978188054e-06,0.0
1625182223826597769,height,4,32,width,4,8,imag,2,2,0,4.21855013144e-08,0.0,-3.69172442616e-10,-2.61141286373e-09,-2.79981300366e-08,-6.79027145623e-09,-1.60792534842e-08,-9.2081462455e-09,-3.69172442616e-10,2.61141286373e-09,3.93237905882e-06,0.0,5.17145934964e-08,-1.02084428022e-07,3.6457102226e-08,-4.56975346452e-09,-2.79981300366e-08,6.79027145623e-09,5.17145934964e-08,1.02084428022e-07,4.63774767923e-06,0.0,3.15267357109e-07,1.61296625834e-07,-1.60792534842e-08,9.2081462455e-09,3.6457102226e-08,4.56975346452e-09,3.15267357109e-07,-1.61296625834e-07,5.39619850315e-06,0.0
1625182223950962369,height,4,32,width,4,8,imag,2,2,0,0.000285333226202,0.0,-0.00547226890922,0.00765903620049,-0.00935728661716,0.00287002301775,-0.00575479585677,-0.00719596678391,-0.00547226890922,-0.00765903620049,0.314539641142,0.0,0.25576031208,0.196400851011,-0.0843668580055,0.291690826416,-0.00935728661716,-0.00287002301775,0.25576031208,-0.196400851011,0.340976387262,0.0,0.114517882466,0.294154524803,-0.00575479585677,0.00719596678391,-0.0843668580055,-0.291690826416,0.114517882466,-0.294154524803,0.300136357546,0.0
1625182224079810396,height,4,32,width,4,8,imag,2,2,0,0.000403495738283,0.0,-0.00443839561194,0.0112799052149,-0.0110218059272,0.00617225980386,-0.00934060849249,-0.00857846997678,-0.00443839561194,-0.0112799052149,0.374254912138,0.0,0.297360360622,0.243996530771,-0.140486612916,0.357966929674,-0.0110218059272,-0.00617225980386,0.297360360622,-0.243996530771,0.406583935022,0.0,0.122745417058,0.380832016468,-0.00934060849249,0.00857846997678,-0.140486612916,-0.357966929674,0.122745417058,-0.380832016468,0.404813587666,0.0
1625182224207104557,height,4,32,width,4,8,imag,2,2,0,0.000455913919723,0.0,-0.00536919897422,0.0117065552622,-0.0120684327558,0.00586848007515,-0.00934397056699,-0.010492186062,-0.00536919897422,-0.0117065552622,0.372845709324,0.0,0.295028269291,0.243799418211,-0.163189783692,0.366736352444,-0.0120684327558,-0.00586848007515,0.295028269291,-0.243799418211,0.404903054237,0.0,0.112181633711,0.401371717453,-0.00934397056699,0.010492186062,-0.163189783692,-0.366736352444,0.112181633711,-0.401371717453,0.44170320034,0.0
1625182224335571796,height,4,32,width,4,8,imag,2,2,0,0.00041260526632,0.0,-0.00782912317663,0.00950736366212,-0.0124400658533,0.0029329454992,-0.00616903789341,-0.0120827117935,-0.00782912317663,-0.00950736366212,0.373554319143,0.0,0.303665727377,0.23211760819,-0.164209216833,0.37202501297,-0.0124400658533,-0.0029329454992,0.303665727377,-0.23211760819,0.403237074614,0.0,0.0996633917093,0.408493965864,-0.00616903789341,0.0120827117935,-0.164209216833,-0.37202501297,0.0996633917093,-0.408493965864,0.452611386776,0.0
1625182224469511572,height,4,32,width,4,8,imag,2,2,0,0.000539060740266,0.0,-0.012287998572,0.00645465869457,-0.0143578611314,-0.00191808294039,-0.00225291238166,-0.0156668797135,-0.012287998572,-0.00645465869457,0.372388035059,0.0,0.311338961124,0.221260860562,-0.141619250178,0.38989880681,-0.0143578611314,0.00191808294039,0.311338961124,-0.221260860562,0.40439888835,0.0,0.117368914187,0.414534270763,-0.00225291238166,0.0156668797135,-0.141619250178,-0.38989880681,0.117368914187,-0.414534270763,0.475282520056,0.0
1625182224591907352,height,4,32,width,4,8,imag,2,2,0,0.000708554754965,0.0,-0.016029316932,-0.00149799650535,-0.0133859403431,-0.0101012093946,0.00470954133198,-0.0177378859371,-0.016029316932,0.00149799650535,0.375040858984,0.0,0.327377617359,0.202233552933,-0.0725514963269,0.41393250227,-0.0133859403431,0.0101012093946,0.327377617359,-0.202233552933,0.407131105661,0.0,0.166289716959,0.405795633793,0.00470954133198,0.0177378859371,-0.0725514963269,-0.41393250227,0.166289716959,-0.405795633793,0.485334992409,0.0
1625182224719120833,height,4,32,width,4,8,imag,2,2,0,0.000811856822111,0.0,-0.0170799326152,-0.0022340817377,-0.0138483438641,-0.0113715911284,0.00516107631847,-0.0189843401313,-0.0170799326152,0.0022340817377,0.370490670204,0.0,0.322397440672,0.200830951333,-0.0586556978524,0.412446707487,-0.0138483438641,0.0113715911284,0.322397440672,-0.200830951333,0.401579260826,0.0,0.179381102324,0.396224230528,0.00516107631847,0.0189843401313,-0.0586556978524,-0.412446707487,0.179381102324,-0.396224230528,0.484305292368,0.0
1625182224847473299,height,4,32,width,4,8,imag,2,2,0,0.000753021216951,0.0,-0.0162900909781,0.00327780656517,-0.0159286726266,-0.00675660418347,0.000307345908368,-0.0190200023353,-0.0162900909781,-0.00327780656517,0.374980211258,0.0,0.317217677832,0.217111170292,-0.0926685780287,0.412021040916,-0.0159286726266,0.00675660418347,0.317217677832,-0.217111170292,0.406872212887,0.0,0.166523247957,0.407256066799,0.000307345908368,0.0190200023353,-0.0926685780287,-0.412021040916,0.166523247957,-0.407256066799,0.490067690611,0.0
1625182224974992452,height,4,32,width,4,8,imag,2,2,0,0.000933838600758,0.0,-0.015677023679,0.00980104785413,-0.0191815253347,-0.00156241923105,-0.00529017904773,-0.0204184986651,-0.015677023679,-0.00980104785413,0.372299879789,0.0,0.306090354919,0.22864215076,-0.128618046641,0.399125397205,-0.0191815253347,0.00156241923105,0.306090354919,-0.22864215076,0.404129773378,0.0,0.144166588783,0.411201149225,-0.00529017904773,0.0204184986651,-0.128618046641,-0.399125397205,0.144166588783,-0.411201149225,0.48460060358,0.0
1625182225104173864,height,4,32,width,4,8,imag,2,2,0,0.000673976319376,0.0,-0.0113294608891,0.0099727474153,-0.0156139368191,0.00131446542218,-0.00713236676529,-0.0154899647459,-0.0113294608891,-0.0099727474153,0.342314720154,0.0,0.281218230724,0.209125474095,-0.111812964082,0.3649969697,-0.0156139368191,-0.00131446542218,0.281218230724,-0.209125474095,0.370014041662,0.0,0.135372087359,0.372227817774,-0.00713236676529,0.0154899647459,-0.111812964082,-0.3649969697,0.135372087359,-0.372227817774,0.436951845884,0.0
1625182225231255939,height,4,32,width,4,8,imag,2,2,0,4.1595189515e-08,0.0,1.41346445659e-09,-2.00953231833e-09,-2.96720159554e-08,-1.07409601213e-08,-1.15073772733e-08,-1.01382813256e-08,1.41346445659e-09,2.00953231833e-09,3.98326665163e-06,0.0,5.42978213502e-08,-1.80178119535e-07,1.45658614059e-08,2.78816347787e-09,-2.96720159554e-08,1.07409601213e-08,5.42978213502e-08,1.80178119535e-07,4.67979771201e-06,0.0,2.76825375067e-07,1.31789022362e-07,-1.15073772733e-08,1.01382813256e-08,1.45658614059e-08,-2.78816347787e-09,2.76825375067e-07,-1.31789022362e-07,5.34566470378e-06,0.0
1625182225360247464,height,4,32,width,4,8,imag,2,2,0,4.15584864299e-08,0.0,6.95601742873e-10,-2.42959252716e-09,-2.84131935757e-08,-9.86023973581e-09,-8.32632718328e-09,-1.29202106791e-08,6.95601742873e-10,2.42959252716e-09,3.94736753151e-06,0.0,3.32064225006e-08,-8.45383993919e-08,4.25544293137e-08,-4.03927558068e-08,-2.84131935757e-08,9.86023973581e-09,3.32064225006e-08,8.45383993919e-08,4.66948131361e-06,0.0,3.23434306893e-07,9.60492911872e-08,-8.32632718328e-09,1.29202106791e-08,4.25544293137e-08,4.03927558068e-08,3.23434306893e-07,-9.60492911872e-08,5.37043479198e-06,0.0
1625182225490610939,height,4,32,width,4,8,imag,2,2,0,4.15637337881e-08,0.0,-4.92540230823e-10,-6.94027502135e-09,-2.82406720231e-08,-9.07355346413e-09,-1.35488695818e-08,-7.55437312705e-09,-4.92540230823e-10,6.94027502135e-09,3.96509085476e-06,0.0,2.84226029379e-08,-1.15850539828e-07,1.7302209443e-08,-3.34272129976e-08,-2.82406720231e-08,9.07355346413e-09,2.84226029379e-08,1.15850539828e-07,4.63791593575e-06,0.0,3.53483216031e-07,1.21008497445e-07,-1.35488695818e-08,7.55437312705e-09,1.7302209443e-08,3.34272129976e-08,3.53483216031e-07,-1.21008497445e-07,5.43286250831e-06,0.0
1625182225615888087,height,4,32,width,4,8,imag,2,2,0,4.1754645963e-08,0.0,1.03863743994e-10,-1.25743526702e-09,-2.81314278539e-08,-9.37667365974e-09,-1.35450362038e-08,-9.53596313025e-09,1.03863743994e-10,1.25743526702e-09,4.00067528972e-06,0.0,3.78130806666e-08,-1.04920829358e-07,1.54650710016e-08,4.31541780088e-09,-2.81314278539e-08,9.37667365974e-09,3.78130806666e-08,1.04920829358e-07,4.65053062726e-06,0.0,2.82998229295e-07,1.60915448078e-07,-1.35450362038e-08,9.53596313025e-09,1.54650710016e-08,-4.31541780088e-09,2.82998229295e-07,-1.60915448078e-07,5.30310853719e-06,0.0
1625182225749857914,height,4,32,width,4,8,imag,2,2,0,4.14338678922e-08,0.0,-6.96012747436e-10,-2.56466914372e-09,-2.59490438026e-08,-7.2201564727e-09,-1.17854224158e-08,-3.44551942533e-09,-6.96012747436e-10,2.56466914372e-09,3.97868552682e-06,0.0,4.34393889748e-08,-1.17131172317e-07,-1.68577720672e-08,-3.30454383857e-08,-2.59490438026e-08,7.2201564727e-09,4.34393889748e-08,1.17131172317e-07,4.64644881504e-06,0.0,2.68104912493e-07,7.18096231367e-08,-1.17854224158e-08,3.44551942533e-09,-1.68577720672e-08,3.30454383857e-08,2.68104912493e-07,-7.18096231367e-08,5.29980889041e-06,0.0
1625182225872392063,height,4,32,width,4,8,imag,2,2,0,4.14386676084e-08,0.0,6.3315713783e-10,-1.51223678024e-09,-2.84977712539e-08,-9.73529701298e-09,-1.53581609652e-08,-1.04753139496e-08,6.3315713783e-10,1.51223678024e-09,3.9443143578e-06,0.0,1.53916825951e-08,-8.85974955622e-08,7.37991641131e-08,-7.38716332549e-09,-2.84977712539e-08,9.73529701298e-09,1.53916825951e-08,8.85974955622e-08,4.66808523925e-06,0.0,3.05439641579e-07,8.43400584927e-08,-1.53581609652e-08,1.04753139496e-08,7.37991641131e-08,7.38716332549e-09,3.05439641579e-07,-8.43400584927e-08,5.38428639629e-06,0.0
1625182225998945670,height,4,32,width,4,8,imag,2,2,0,4.22189323501e-08,0.0,7.734293761e-10,-2.74191847005e-09,-2.72195652684e-08,-6.99972435569e-09,-1.15374643173e-08,-1.3175493585e-08,7.734293761e-10,2.74191847005e-09,4.01321358368e-06,0.0,7.12966610195e-08,-1.36996632705e-07,5.02172596839e-08,-2.84905841141e-08,-2.72195652684e-08,6.99972435569e-09,7.12966610195e-08,1.36996632705e-07,4.60376986666e-06,0.0,3.22210865988e-07,1.48170570924e-07,-1.15374643173e-08,1.3175493585e-08,5.02172596839e-08,2.84905841141e-08,3.22210865988e-07,-1.48170570924e-07,5.37117148269e-06,0.0
1625182226127931789,height,4,32,width,4,8,imag,2,2,0,4.18178416339e-08,0.0,-7.45245365419e-10,-3.19765547374e-09,-2.60526888951e-08,-9.64296820172e-09,-8.81402506536e-09,-8.09403921664e-09,-7.45245365419e-10,3.19765547374e-09,3.97815483666e-06,0.0,4.19440517874e-08,-1.3343617411e-07,3.39167307573e-08,-5.41433298196e-09,-2.60526888951e-08,9.64296820172e-09,4.19440517874e-08,1.3343617411e-07,4.65407993033e-06,0.0,3.26985883703e-07,9.57516732569e-08,-8.81402506536e-09,8.09403921664e-09,3.39167307573e-08,5.41433298196e-09,3.26985883703e-07,-9.57516732569e-08,5.32157446287e-06,0.0
1625182226259000986,height,4,32,width,4,8,imag,2,2,0,4.17440304545e-08,0.0,-6.68759714273e-10,-4.07238198719e-09,-3.2902281788e-08,-7.30325799836e-09,-1.55932049495e-08,-7.59680229834e-09,-6.68759714273e-10,4.07238198719e-09,3.9442961679e-06,0.0,3.86120788676e-08,-8.79186998759e-08,8.53597015293e-09,-2.36068800064e-08,-3.2902281788e-08,7.30325799836e-09,3.86120788676e-08,8.79186998759e-08,4.66055053039e-06,0.0,3.46939629026e-07,1.43428493971e-07,-1.55932049495e-08,7.59680229834e-09,8.53597015293e-09,2.36068800064e-08,3.46939629026e-07,-1.43428493971e-07,5.37810592505e-06,0.0
1625182226386839807,height,4,32,width,4,8,imag,2,2,0,4.20221191177e-08,0.0,2.65548716349e-09,-1.65140512376e-09,-2.79414482662e-08,-7.42528083464e-09,-1.47858676414e-08,-1.11370122013e-08,2.65548716349e-09,1.65140512376e-09,3.96277027903e-06,0.0,8.01217936441e-08,-1.11336596831e-07,8.57016146938e-09,9.34141741737e-09,-2.79414482662e-08,7.42528083464e-09,8.01217936441e-08,1.11336596831e-07,4.6662130444e-06,0.0,3.52630337375e-07,6.03889276363e-08,-1.47858676414e-08,1.11370122013e-08,8.57016146938e-09,-9.34141741737e-09,3.52630337375e-07,-6.03889276363e-08,5.39447228221e-06,0.0
1625182226513909109,height,4,32,width,4,8,imag,2,2,0,4.15866310277e-08,0.0,-6.47802522735e-09,-1.34327493573e-09,-2.74027200931e-08,-6.46364783918e-09,-1.54037955724e-08,-9.22299392414e-09,-6.47802522735e-09,1.34327493573e-09,3.96833365812e-06,0.0,7.53956825861e-08,-1.04930386158e-07,1.77049075401e-09,-1.49148302597e-08,-2.74027200931e-08,6.46364783918e-09,7.53956825861e-08,1.04930386158e-07,4.64119648313e-06,0.0,3.29763537366e-07,8.70167298217e-08,-1.54037955724e-08,9.22299392414e-09,1.77049075401e-09,1.49148302597e-08,3.29763537366e-07,-8.70167298217e-08,5.24639426658e-06,0.0
1625182226642802738,height,4,32,width,4,8,imag,2,2,0,4.16437693218e-08,0.0,-1.48988943405e-09,-3.41078121302e-09,-2.90455801633e-08,-4.2229499897e-09,-1.22424905769e-08,-1.28223565099e-08,-1.48988943405e-09,3.41078121302e-09,3.98442489313e-06,0.0,1.46303307247e-08,-9.01129340036e-08,2.94166984105e-08,2.90030277572e-10,-2.90455801633e-08,4.2229499897e-09,1.46303307247e-08,9.01129340036e-08,4.66624123874e-06,0.0,3.01700623595e-07,6.06383636637e-08,-1.22424905769e-08,1.28223565099e-08,2.94166984105e-08,-2.90030277572e-10,3.01700623595e-07,-6.06383636637e-08,5.35889876119e-06,0.0
1625182226769824092,height,4,32,width,4,8,imag,2,2,0,4.18117132028e-08,0.0,1.46718609484e-10,-2.41342568152e-09,-2.78175864565e-08,-9.78558745146e-09,-1.07480015998e-08,-8.6920177722e-09,1.46718609484e-10,2.41342568152e-09,3.97025678467e-06,0.0,1.3613883354e-08,-8.02749795525e-08,5.30847010793e-08,-7.22853172874e-08,-2.78175864565e-08,9.78558745146e-09,1.3613883354e-08,8.02749795525e-08,4.63239575765e-06,0.0,3.12111296807e-07,8.44782519493e-08,-1.07480015998e-08,8.6920177722e-09,5.30847010793e-08,7.22853172874e-08,3.12111296807e-07,-8.44782519493e-08,5.29533235749e-06,0.0
1625182226898417185,height,4,32,width,4,8,imag,2,2,0,4.19184971179e-08,0.0,-2.24586815811e-09,-1.36372790838e-09,-3.3774487207e-08,-9.35318666961e-09,-1.24694343739e-08,-7.95425680877e-09,-2.24586815811e-09,1.36372790838e-09,4.06642857342e-06,0.0,4.88940585797e-08,-9.2964320686e-08,4.3487706769e-09,-1.28802453148e-08,-3.3774487207e-08,9.35318666961e-09,4.88940585797e-08,9.2964320686e-08,4.65360471935e-06,0.0,3.4037526575e-07,1.47122577232e-07,-1.24694343739e-08,7.95425680877e-09,4.3487706769e-09,1.28802453148e-08,3.4037526575e-07,-1.47122577232e-07,5.32576359547e-06,0.0
1625182227026098869,height,4,32,width,4,8,imag,2,2,0,4.17303098743e-08,0.0,-2.82456769085e-09,-2.00325067645e-09,-2.91267223673e-08,-8.18169532124e-09,-1.17717151582e-08,-1.02940953539e-08,-2.82456769085e-09,2.00325067645e-09,3.94775724999e-06,0.0,4.52593269529e-08,-1.12927700968e-07,-5.75197089958e-09,-7.23898807564e-08,-2.91267223673e-08,8.18169532124e-09,4.52593269529e-08,1.12927700968e-07,4.66304345537e-06,0.0,3.17684140327e-07,1.06801032018e-07,-1.17717151582e-08,1.02940953539e-08,-5.75197089958e-09,7.23898807564e-08,3.17684140327e-07,-1.06801032018e-07,5.35237086297e-06,0.0
1625182227154660932,height,4,32,width,4,8,imag,2,2,0,4.18773034028e-08,0.0,2.00957162022e-09,-4.15646822516e-10,-3.13844026323e-08,-8.98181973241e-09,-1.6513634904e-08,-1.07542037497e-08,2.00957162022e-09,4.15646822516e-10,3.9626124817e-06,0.0,5.39914282172e-08,-1.46570698689e-07,2.11628048419e-08,8.40437586191e-09,-3.13844026323e-08,8.98181973241e-09,5.39914282172e-08,1.46570698689e-07,4.6819968702e-06,0.0,3.2942975281e-07,1.38562185725e-07,-1.6513634904e-08,1.07542037497e-08,2.11628048419e-08,-8.40437586191e-09,3.2942975281e-07,-1.38562185725e-07,5.39086158824e-06,0.0
1625182227282477983,height,4,32,width,4,8,imag,2,2,0,4.23764632274e-08,0.0,1.25445542842e-10,-4.57097071305e-09,-3.3738341898e-08,-7.98958943449e-09,-1.29614390332e-08,-1.02358743703e-08,1.25445542842e-10,4.57097071305e-09,3.97260600948e-06,0.0,7.56830402793e-08,-9.01666723507e-08,1.33152910919e-08,-2.38404656017e-08,-3.3738341898e-08,7.98958943449e-09,7.56830402793e-08,9.01666723507e-08,4.66202754978e-06,0.0,3.43900438793e-07,1.25268684315e-07,-1.29614390332e-08,1.02358743703e-08,1.33152910919e-08,2.38404656017e-08,3.43900438793e-07,-1.25268684315e-07,5.32577496415e-06,0.0
1625182227410845197,height,4,32,width,4,8,imag,2,2,0,4.11436609227e-08,0.0,-3.4539132665e-10,-5.65186741852e-09,-3.00019884492e-08,-8.0680218062e-09,-1.22214567355e-08,-9.83993331261e-09,-3.4539132665e-10,5.65186741852e-09,3.92623132939e-06,0.0,8.43958147811e-08,-1.16446280174e-07,2.98955882272e-08,-2.26151524174e-08,-3.00019884492e-08,8.0680218062e-09,8.43958147811e-08,1.16446280174e-07,4.61643458038e-06,0.0,3.49393246779e-07,7.68239303284e-08,-1.22214567355e-08,9.83993331261e-09,2.98955882272e-08,2.26151524174e-08,3.49393246779e-07,-7.68239303284e-08,5.33219099452e-06,0.0
1625182227537696929,height,4,32,width,4,8,imag,2,2,0,4.21929904348e-08,0.0,-3.1808200518e-09,-5.80133896477e-09,-2.95091151514e-08,-6.57691545669e-09,-1.76847976263e-08,-9.70926539168e-09,-3.1808200518e-09,5.80133896477e-09,3.97258645535e-06,0.0,3.81927733883e-08,-1.18227291068e-07,5.2040448395e-08,-1.25734826995e-08,-2.95091151514e-08,6.57691545669e-09,3.81927733883e-08,1.18227291068e-07,4.65390439786e-06,0.0,3.20131107401e-07,9.96275986154e-08,-1.76847976263e-08,9.70926539168e-09,5.2040448395e-08,1.25734826995e-08,3.20131107401e-07,-9.96275986154e-08,5.34697164767e-06,0.0
1625182227666693202,height,4,32,width,4,8,imag,2,2,0,4.1960149133e-08,0.0,-2.97316282705e-10,-3.31221072791e-09,-2.84604286804e-08,-1.07909094993e-08,-1.00077306442e-08,-1.26401218381e-08,-2.97316282705e-10,3.31221072791e-09,3.95230881622e-06,0.0,5.80228487479e-08,-1.20693698591e-07,5.35345208164e-08,3.69547836776e-10,-2.84604286804e-08,1.07909094993e-08,5.80228487479e-08,1.20693698591e-07,4.65954008178e-06,0.0,3.4453884723e-07,1.43367785199e-07,-1.00077306442e-08,1.26401218381e-08,5.35345208164e-08,-3.69547836776e-10,3.4453884723e-07,-1.43367785199e-07,5.37731739314e-06,0.0
1625182227800088876,height,4,32,width,4,8,imag,2,2,0,4.19111643168e-08,0.0,1.16513099169e-09,-2.6527233743e-09,-3.3034229574e-08,-9.37787092425e-09,-1.25662236172e-08,-7.16191994599e-09,1.16513099169e-09,2.6527233743e-09,3.97184385292e-06,0.0,4.21945678397e-08,-1.22259862678e-07,1.20286660632e-08,-6.34742605143e-08,-3.3034229574e-08,9.37787092425e-09,4.21945678397e-08,1.22259862678e-07,4.71990551887e-06,0.0,3.07347761463e-07,1.33280749992e-07,-1.25662236172e-08,7.16191994599e-09,1.20286660632e-08,6.34742605143e-08,3.07347761463e-07,-1.33280749992e-07,5.32553804078e-06,0.0
1625182227922751690,height,4,32,width,4,8,imag,2,2,0,4.11118605825e-08,0.0,2.30709851223e-09,-2.33506525227e-09,-2.75321401233e-08,-9.06305697157e-09,-8.89072193644e-09,-6.97557211993e-09,2.30709851223e-09,2.33506525227e-09,3.96821451432e-06,0.0,4.75352734952e-08,-8.93878535635e-08,3.91049326254e-09,-6.5999010701e-09,-2.75321401233e-08,9.06305697157e-09,4.75352734952e-08,8.93878535635e-08,4.64783897769e-06,0.0,3.32922724056e-07,6.33664356542e-08,-8.89072193644e-09,6.97557211993e-09,3.91049326254e-09,6.5999010701e-09,3.32922724056e-07,-6.33664356542e-08,5.32269859832e-06,0.0
1625182228049494107,height,4,32,width,4,8,imag,2,2,0,4.20545838153e-08,0.0,-7.01355862276e-10,-1.9607027113e-09,-3.28136167127e-08,-1.15702007975e-08,-1.20810383919e-08,-1.05298285646e-08,-7.01355862276e-10,1.9607027113e-09,4.02153318646e-06,0.0,5.07840560715e-08,-8.16923773073e-08,-3.29802629651e-09,-2.47132572184e-08,-3.28136167127e-08,1.15702007975e-08,5.07840560715e-08,8.16923773073e-08,4.6520349315e-06,0.0,3.07937057187e-07,9.66252642343e-08,-1.20810383919e-08,1.05298285646e-08,-3.29802629651e-09,2.47132572184e-08,3.07937057187e-07,-9.66252642343e-08,5.38165977559e-06,0.0
1625182228178126972,height,4,32,width,4,8,imag,2,2,0,4.19364951654e-08,0.0,-7.59389884308e-10,-3.71012176537e-09,-2.93693602771e-08,-9.00788954539e-09,-1.66940576918e-08,-1.32808501974e-08,-7.59389884308e-10,3.71012176537e-09,3.91926732846e-06,0.0,6.18226607685e-08,-1.36709473963e-07,-3.75204223246e-09,1.43387057783e-09,-2.93693602771e-08,9.00788954539e-09,6.18226607685e-08,1.36709473963e-07,4.74338730783e-06,0.0,3.74003178649e-07,1.40021498396e-07,-1.66940576918e-08,1.32808501974e-08,-3.75204223246e-09,-1.43387057783e-09,3.74003178649e-07,-1.40021498396e-07,5.3248900258e-06,0.0
1625182228305529747,height,4,32,width,4,8,imag,2,2,0,4.14222114387e-08,0.0,2.88218982014e-09,-3.76123493462e-10,-2.9178542249e-08,-8.54135961958e-09,-1.27384875981e-08,-1.2660645865e-08,2.88218982014e-09,3.76123493462e-10,3.90845752918e-06,0.0,4.9505167965e-08,-9.2859508527e-08,4.4934665766e-08,-3.63268064518e-08,-2.9178542249e-08,8.54135961958e-09,4.9505167965e-08,9.2859508527e-08,4.64984805149e-06,0.0,3.44970828792e-07,9.49142986428e-08,-1.27384875981e-08,1.2660645865e-08,4.4934665766e-08,3.63268064518e-08,3.44970828792e-07,-9.49142986428e-08,5.34723949386e-06,0.0
1625182228434277492,height,4,32,width,4,8,imag,2,2,0,0.000104480568552,0.0,0.000294081575703,0.00488772243261,-0.00280091632158,0.00418905960396,-0.00539265852422,-0.00170545803849,0.000294081575703,-0.00488772243261,0.233909294009,0.0,0.188323408365,0.143697172403,-0.098299831152,0.247157469392,-0.00280091632158,-0.00418905960396,0.188323408365,-0.143697172403,0.248191818595,0.0,0.0761372148991,0.261585712433,-0.00539265852422,0.00170545803849,-0.098299831152,-0.247157469392,0.0761372148991,-0.261585712433,0.309982389212,0.0
1625182228561800377,height,4,32,width,4,8,imag,2,2,0,0.000176379515324,0.0,0.000522184709553,0.00806362368166,-0.00466447370127,0.00693128537387,-0.0089718522504,-0.00267120194621,0.000522184709553,-0.00806362368166,0.377599477768,0.0,0.304352641106,0.235816165805,-0.153982281685,0.401660203934,-0.00466447370127,-0.00693128537387,0.304352641106,-0.235816165805,0.404337137938,0.0,0.131581038237,0.422889620066,-0.0089718522504,0.00267120194621,-0.153982281685,-0.401660203934,0.131581038237,-0.422889620066,0.503244757652,0.0
1625182228691411750,height,4,32,width,4,8,imag,2,2,0,0.000167679754668,0.0,-0.000121085402498,0.00787768140435,-0.00504580140114,0.00640557520092,-0.00845165736973,-0.00341620855033,-0.000121085402498,-0.00787768140435,0.377228587866,0.0,0.30498740077,0.233861908317,-0.159872606397,0.399005591869,-0.00504580140114,-0.00640557520092,0.30498740077,-0.233861908317,0.404812246561,0.0,0.123503789306,0.425102442503,-0.00845165736973,0.00341620855033,-0.159872606397,-0.399005591869,0.123503789306,-0.425102442503,0.502043545246,0.0
1625182228821248664,height,4,32,width,4,8,imag,2,2,0,0.000162299504154,0.0,-3.60425219696e-05,0.00779226096347,-0.00490501197055,0.00636928295717,-0.00840590335429,-0.0032400987111,-3.60425219696e-05,-0.00779226096347,0.381072968245,0.0,0.307246893644,0.235455706716,-0.159064233303,0.403557300568,-0.00490501197055,-0.00636928295717,0.307246893644,-0.235455706716,0.406336158514,0.0,0.126556873322,0.427080005407,-0.00840590335429,0.0032400987111,-0.159064233303,-0.403557300568,0.126556873322,-0.427080005407,0.506369590759,0.0
1625182228946538553,height,4,32,width,4,8,imag,2,2,0,0.000156798181706,0.0,1.58522561833e-05,0.0076278722845,-0.00473542697728,0.00629224255681,-0.00826414767653,-0.00308254687116,1.58522561833e-05,-0.0076278722845,0.378167331219,0.0,0.30614349246,0.232425495982,-0.156122162938,0.401005357504,-0.00473542697728,-0.00629224255681,0.30614349246,-0.232425495982,0.403974384069,0.0,0.125554978848,0.423971474171,-0.00826414767653,0.00308254687116,-0.156122162938,-0.401005357504,0.125554978848,-0.423971474171,0.502503573895,0.0
1625182229073691793,height,4,32,width,4,8,imag,2,2,0,0.0001539112709,0.0,7.11489847163e-05,0.00755701214075,-0.00460956944153,0.00629985611886,-0.00819069053978,-0.00303884618916,7.11489847163e-05,-0.00755701214075,0.378090798855,0.0,0.308017939329,0.230740964413,-0.158226847649,0.399932682514,-0.00460956944153,-0.00629985611886,0.308017939329,-0.230740964413,0.403986334801,0.0,0.120134368539,0.425516605377,-0.00819069053978,0.00303884618916,-0.158226847649,-0.399932682514,0.120134368539,-0.425516605377,0.502012133598,0.0
1625182229206315903,height,4,32,width,4,8,imag,2,2,0,0.00015419301053,0.0,-3.52768438461e-05,0.00756217259914,-0.00470697786659,0.00624153064564,-0.00818352587521,-0.00307286228053,-3.52768438461e-05,-0.00756217259914,0.377981603146,0.0,0.307782828808,0.230832219124,-0.154085353017,0.401424199343,-0.00470697786659,-0.00624153064564,0.307782828808,-0.230832219124,0.404665797949,0.0,0.125167861581,0.424439758062,-0.00818352587521,0.00307286228053,-0.154085353017,-0.401424199343,0.125167861581,-0.424439758062,0.501528859138,0.0
1625182229329615149,height,4,32,width,4,8,imag,2,2,0,0.000153191474965,0.0,-3.50372829416e-05,0.00754406861961,-0.00469020195305,0.00621664198115,-0.00815381854773,-0.00307280081324,-3.50372829416e-05,-0.00754406861961,0.378657400608,0.0,0.307685673237,0.230906277895,-0.154935821891,0.401519179344,-0.00469020195305,-0.00621664198115,0.307685673237,-0.230906277895,0.40423181653,0.0,0.124593749642,0.424362897873,-0.00815381854773,0.00307280081324,-0.154935821891,-0.401519179344,0.124593749642,-0.424362897873,0.501953005791,0.0
1625182229456309803,height,4,32,width,4,8,imag,2,2,0,0.000161019939696,0.0,-0.000158228751388,0.00775999901816,-0.00493761291727,0.00630537420511,-0.00836137682199,-0.00323487096466,-0.000158228751388,-0.00775999901816,0.381181865931,0.0,0.309192746878,0.23310226202,-0.153217360377,0.405460417271,-0.00493761291727,-0.00630537420511,0.309192746878,-0.23310226202,0.406603425741,0.0,0.129352658987,0.42623463273,-0.00836137682199,0.00323487096466,-0.153217360377,-0.405460417271,0.129352658987,-0.42623463273,0.505406022072,0.0
1625182229589558329,height,4,32,width,4,8,imag,2,2,0,0.000171285035321,0.0,-0.000271147378953,0.00800224673003,-0.00519411498681,0.00642842007801,-0.00857239030302,-0.00345748802647,-0.000271147378953,-0.00800224673003,0.38099950552,0.0,0.308750063181,0.233675137162,-0.15319365263,0.405129790306,-0.00519411498681,-0.00642842007801,0.308750063181,-0.233675137162,0.406716346741,0.0,0.129955276847,0.425900399685,-0.00857239030302,0.00345748802647,-0.15319365263,-0.405129790306,0.129955276847,-0.425900399685,0.505160570145,0.0
1625182229715199491,height,4,32,width,4,8,imag,2,2,0,2.40779718297e-05,0.0,-3.46288725268e-05,0.00110755173955,-0.000714595429599,0.000893471355084,-0.00118553254288,-0.000477024994325,-3.46288725268e-05,-0.00110755173955,0.0520526580513,0.0,0.0422863960266,0.0318465530872,-0.0210874881595,0.0552254207432,-0.000714595429599,-0.000893471355084,0.0422863960266,-0.0318465530872,0.055604185909,0.0,0.0173803046346,0.0582445450127,-0.00118553254288,0.000477024994325,-0.0210874881595,-0.0552254207432,0.0173803046346,-0.0582445450127,0.0688771307468,0.0
1625182229841827898,height,4,32,width,4,8,imag,2,2,0,4.17180814338e-08,0.0,-2.3174444308e-10,-3.2053020238e-09,-2.84803292061e-08,-8.48537595743e-09,-1.22713945672e-08,-5.17077003437e-09,-2.3174444308e-10,3.2053020238e-09,3.96304676542e-06,0.0,1.64170668171e-08,-1.23600173652e-07,-2.89272383824e-09,1.12172573452e-08,-2.84803292061e-08,8.48537595743e-09,1.64170668171e-08,1.23600173652e-07,4.64408367407e-06,0.0,3.12080828735e-07,8.14685918726e-08,-1.22713945672e-08,5.17077003437e-09,-2.89272383824e-09,-1.12172573452e-08,3.12080828735e-07,-8.14685918726e-08,5.32317153557e-06,0.0
1625182229973021778,height,4,32,width,4,8,imag,2,2,0,4.20384651534e-08,0.0,-4.46609443872e-10,-4.04928446329e-09,-2.91435551247e-08,-7.75519382046e-09,-1.16741851741e-08,-1.29146044969e-08,-4.46609443872e-10,4.04928446329e-09,3.94822291128e-06,0.0,2.32239969478e-08,-1.27135436401e-07,6.24482510148e-08,-3.12920072076e-08,-2.91435551247e-08,7.75519382046e-09,2.32239969478e-08,1.27135436401e-07,4.57563874079e-06,0.0,3.41873487741e-07,8.17117893348e-08,-1.16741851741e-08,1.29146044969e-08,6.24482510148e-08,3.12920072076e-08,3.41873487741e-07,-8.17117893348e-08,5.3413441492e-06,0.0
1625182230104418697,height,4,32,width,4,8,imag,2,2,0,4.18607370989e-08,0.0,5.96488192173e-10,-2.02904715252e-09,-3.05927727595e-08,-8.23702706043e-09,-1.60651918435e-08,-7.60348051188e-09,5.96488192173e-10,2.02904715252e-09,3.9516344259e-06,0.0,5.35042898875e-09,-1.31051223207e-07,2.22477734013e-08,-1.81566655044e-08,-3.05927727595e-08,8.23702706043e-09,5.35042898875e-09,1.31051223207e-07,4.62522484668e-06,0.0,4.20460253281e-07,8.08845754818e-08,-1.60651918435e-08,7.60348051188e-09,2.22477734013e-08,1.81566655044e-08,4.20460253281e-07,-8.08845754818e-08,5.39660823051e-06,0.0
1625182230232867871,height,4,32,width,4,8,imag,2,2,0,4.14657428394e-08,0.0,1.5643176754e-09,-4.58493998323e-09,-2.75650400283e-08,-6.11281159024e-09,-1.56019765996e-08,-1.08034514668e-08,1.5643176754e-09,4.58493998323e-09,3.96558789362e-06,0.0,1.35101583254e-08,-1.15541375578e-07,-1.56465489454e-08,-2.25609202431e-08,-2.75650400283e-08,6.11281159024e-09,1.35101583254e-08,1.15541375578e-07,4.67441441288e-06,0.0,3.73143507204e-07,1.53561401817e-07,-1.56019765996e-08,1.08034514668e-08,-1.56465489454e-08,2.25609202431e-08,3.73143507204e-07,-1.53561401817e-07,5.42215866517e-06,0.0
1625182230354399252,height,4,32,width,4,8,imag,2,2,0,4.18539229941e-08,0.0,3.5971375878e-10,3.04322095301e-10,-2.75080935808e-08,-9.83955761313e-09,-1.15448557381e-08,-6.7355583333e-09,3.5971375878e-10,-3.04322095301e-10,3.98715792471e-06,0.0,2.5452303376e-08,-4.02890130147e-08,1.46813130542e-08,-5.21425747024e-09,-2.75080935808e-08,9.83955761313e-09,2.5452303376e-08,4.02890130147e-08,4.62008756585e-06,0.0,3.26546853557e-07,9.39408266731e-08,-1.15448557381e-08,6.7355583333e-09,1.46813130542e-08,5.21425747024e-09,3.26546853557e-07,-9.39408266731e-08,5.40428254681e-06,0.0
1625182230488715891,height,4,32,width,4,8,imag,2,2,0,4.23079242751e-08,0.0,2.56954812983e-09,2.04086636479e-10,-2.77120708603e-08,-8.9754284005e-09,-1.45812482089e-08,-1.24365815424e-08,2.56954812983e-09,-2.04086636479e-10,3.93633808926e-06,0.0,4.44818084588e-08,-8.764368431e-08,6.18630213722e-09,-2.95737034861e-08,-2.77120708603e-08,8.9754284005e-09,4.44818084588e-08,8.764368431e-08,4.61256558992e-06,0.0,2.76306906244e-07,8.47767864798e-08,-1.45812482089e-08,1.24365815424e-08,6.18630213722e-09,2.95737034861e-08,2.76306906244e-07,-8.47767864798e-08,5.29681665284e-06,0.0
1625182230614924508,height,4,32,width,4,8,imag,2,2,0,4.18465511132e-08,0.0,1.74978054268e-09,-8.09803168966e-10,-3.07635339425e-08,-8.49729708818e-09,-1.01592876334e-08,-1.41135787501e-08,1.74978054268e-09,8.09803168966e-10,3.96008499592e-06,0.0,4.23042259001e-08,-1.45063708601e-07,3.6573577944e-08,-4.57647040264e-08,-3.07635339425e-08,8.49729708818e-09,4.23042259001e-08,1.45063708601e-07,4.66289839096e-06,0.0,3.58984692639e-07,1.01068636127e-07,-1.01592876334e-08,1.41135787501e-08,3.6573577944e-08,4.57647040264e-08,3.58984692639e-07,-1.01068636127e-07,5.38662698091e-06,0.0
1625182230739290030,height,4,32,width,4,8,imag,2,2,0,4.15184153724e-08,0.0,1.26410926171e-09,-4.95375962473e-09,-2.84634484871e-08,-1.24707861815e-08,-1.41330227521e-08,-5.14349141056e-09,1.26410926171e-09,4.95375962473e-09,3.95533743358e-06,0.0,5.12226954186e-08,-7.04244698113e-08,5.56001182872e-08,-2.36353230321e-08,-2.84634484871e-08,1.24707861815e-08,5.12226954186e-08,7.04244698113e-08,4.6592263061e-06,0.0,3.62653423736e-07,7.65134302583e-08,-1.41330227521e-08,5.14349141056e-09,5.56001182872e-08,2.36353230321e-08,3.62653423736e-07,-7.65134302583e-08,5.3067724366e-06,0.0
1625182230872412102,height,4,32,width,4,8,imag,2,2,0,4.1829764541e-08,0.0,-2.73689160224e-09,-4.87710050123e-09,-2.97708808716e-08,-1.23635430782e-08,-1.63820743637e-08,-9.73328617704e-09,-2.73689160224e-09,4.87710050123e-09,4.00833550884e-06,0.0,1.93419147365e-08,-8.90833931066e-08,-1.46923611055e-08,-4.41280683106e-08,-2.97708808716e-08,1.23635430782e-08,1.93419147365e-08,8.90833931066e-08,4.64059212391e-06,0.0,3.98259430767e-07,9.37189241768e-08,-1.63820743637e-08,9.73328617704e-09,-1.46923611055e-08,4.41280683106e-08,3.98259430767e-07,-9.37189241768e-08,5.40902419743e-06,0.0
1625182230995021125,height,4,32,width,4,8,imag,2,2,0,4.20641441679e-08,0.0,1.67052327527e-09,-1.95931404434e-09,-2.51085658931e-08,-8.57088000572e-09,-1.30156658784e-08,-9.96953097854e-09,1.67052327527e-09,1.95931404434e-09,3.9716937863e-06,0.0,2.02786640813e-08,-5.07329218635e-08,1.08303153112e-08,4.58009852267e-09,-2.51085658931e-08,8.57088000572e-09,2.02786640813e-08,5.07329218635e-08,4.62728075945e-06,0.0,3.4957665207e-07,9.64824380389e-08,-1.30156658784e-08,9.96953097854e-09,1.08303153112e-08,-4.58009852267e-09,3.4957665207e-07,-9.64824380389e-08,5.34002720087e-06,0.0
1625182231121941823,height,4,32,width,4,8,imag,2,2,0,4.18933332469e-08,0.0,3.07065461946e-09,-3.92435950403e-09,-3.02947213981e-08,-8.38740366049e-09,-1.18120038195e-08,-8.46676240229e-09,3.07065461946e-09,3.92435950403e-09,3.97196390622e-06,0.0,6.85302623538e-08,-1.13324496454e-07,6.3647817683e-08,2.56442671542e-08,-3.02947213981e-08,8.38740366049e-09,6.85302623538e-08,1.13324496454e-07,4.6799455049e-06,0.0,3.01354617704e-07,8.6369617236e-08,-1.18120038195e-08,8.46676240229e-09,6.3647817683e-08,-2.56442671542e-08,3.01354617704e-07,-8.6369617236e-08,5.33817592441e-06,0.0
1625182231250990151,height,4,32,width,4,8,imag,2,2,0,4.1432667075e-08,0.0,2.40333020152e-09,-8.57312887348e-10,-2.73840008447e-08,-1.15315037519e-08,-1.20589929153e-08,-6.18631723626e-09,2.40333020152e-09,8.57312887348e-10,3.9902242861e-06,0.0,6.01372462938e-08,-1.15852515137e-07,3.8223909371e-08,-3.64376759876e-08,-2.73840008447e-08,1.15315037519e-08,6.01372462938e-08,1.15852515137e-07,4.62744128527e-06,0.0,3.36367406817e-07,1.40846850627e-07,-1.20589929153e-08,6.18631723626e-09,3.8223909371e-08,3.64376759876e-08,3.36367406817e-07,-1.40846850627e-07,5.33784441359e-06,0.0
1625182231377604166,height,4,32,width,4,8,imag,2,2,0,4.18148076164e-08,0.0,1.07687769813e-09,-2.00721730903e-10,-2.66100741442e-08,-9.00762486822e-09,-1.54599764102e-08,-1.11476987641e-08,1.07687769813e-09,2.00721730903e-10,3.97000894736e-06,0.0,6.09842629729e-08,-1.26760340891e-07,2.97186346643e-08,-2.55601992905e-08,-2.66100741442e-08,9.00762486822e-09,6.09842629729e-08,1.26760340891e-07,4.67894369649e-06,0.0,2.64055756816e-07,1.03549233188e-07,-1.54599764102e-08,1.11476987641e-08,2.97186346643e-08,2.55601992905e-08,2.64055756816e-07,-1.03549233188e-07,5.39664370081e-06,0.0
1625182231506889417,height,4,32,width,4,8,imag,2,2,0,4.15557472877e-08,0.0,2.96756785811e-10,-1.83326342995e-09,-2.7588036744e-08,-7.36551752922e-09,-1.07039497266e-08,-9.33076282905e-09,2.96756785811e-10,1.83326342995e-09,3.9794431359e-06,0.0,5.92330522409e-08,-1.13918474653e-07,-4.55736870464e-09,-4.55854056725e-08,-2.7588036744e-08,7.36551752922e-09,5.92330522409e-08,1.13918474653e-07,4.66170422442e-06,0.0,3.25274925217e-07,1.13106594313e-07,-1.07039497266e-08,9.33076282905e-09,-4.55736870464e-09,4.55854056725e-08,3.25274925217e-07,-1.13106594313e-07,5.34141418029e-06,0.0
1625182231634081335,height,4,32,width,4,8,imag,2,2,0,4.17088443783e-08,0.0,9.99337695928e-11,-4.69984096085e-09,-2.67190642944e-08,-7.11307945878e-09,-1.46951197877e-08,-8.23171308895e-09,9.99337695928e-11,4.69984096085e-09,3.96976520278e-06,0.0,4.02126651977e-08,-9.27719767674e-08,4.55556925516e-09,-5.26263166378e-09,-2.67190642944e-08,7.11307945878e-09,4.02126651977e-08,9.27719767674e-08,4.60874935015e-06,0.0,3.06409589257e-07,7.11521934704e-08,-1.46951197877e-08,8.23171308895e-09,4.55556925516e-09,5.26263166378e-09,3.06409589257e-07,-7.11521934704e-08,5.32094691152e-06,0.0
1625182231762424591,height,4,32,width,4,8,imag,2,2,0,4.15137577647e-08,0.0,2.87711660052e-10,-7.18438808445e-10,-2.77583929176e-08,-9.52894829709e-09,-1.1096379815e-08,-8.36721802955e-09,2.87711660052e-10,7.18438808445e-10,3.99503733206e-06,0.0,1.7022200538e-08,-9.22476530718e-08,1.73003353865e-08,-1.68527041211e-08,-2.77583929176e-08,9.52894829709e-09,1.7022200538e-08,9.22476530718e-08,4.62294792669e-06,0.0,2.8855552614e-07,1.1051042037e-07,-1.1096379815e-08,8.36721802955e-09,1.73003353865e-08,1.68527041211e-08,2.8855552614e-07,-1.1051042037e-07,5.30320312464e-06,0.0
1625182231896327889,height,4,32,width,4,8,imag,2,2,0,4.1692679531e-08,0.0,-1.21955778809e-09,-5.90673954193e-09,-2.65759609874e-08,-9.08006647649e-09,-9.07471697786e-09,-8.5902245317e-09,-1.21955778809e-09,5.90673954193e-09,3.95545339416e-06,0.0,6.29137772989e-08,-9.30892554152e-08,9.49892324797e-08,-2.9739068097e-08,-2.65759609874e-08,9.08006647649e-09,6.29137772989e-08,9.30892554152e-08,4.60668525193e-06,0.0,3.90126842831e-07,7.83649127811e-08,-9.07471697786e-09,8.5902245317e-09,9.49892324797e-08,2.9739068097e-08,3.90126842831e-07,-7.83649127811e-08,5.39480060979e-06,0.0
1625182232018794008,height,4,32,width,4,8,imag,2,2,0,4.17607033398e-08,0.0,2.26258856095e-09,-4.06673539288e-09,-2.60051375989e-08,-1.05230508751e-08,-1.17232534791e-08,-8.19181611433e-09,2.26258856095e-09,4.06673539288e-09,3.91070716432e-06,0.0,2.03993604231e-08,-9.17536766565e-08,1.06139736999e-08,-2.46777851487e-08,-2.60051375989e-08,1.05230508751e-08,2.03993604231e-08,9.17536766565e-08,4.64642107545e-06,0.0,3.42167169265e-07,9.87862875945e-08,-1.17232534791e-08,8.19181611433e-09,1.06139736999e-08,2.46777851487e-08,3.42167169265e-07,-9.87862875945e-08,5.32344438398e-06,0.0
1625182232145990328,height,4,32,width,4,8,imag,2,2,0,4.17333652081e-08,0.0,-1.10456122027e-09,-8.75942607337e-09,-2.80916037099e-08,-5.37230882003e-09,-9.49711953524e-09,-9.72888969386e-09,-1.10456122027e-09,8.75942607337e-09,3.97215944758e-06,0.0,5.80122971883e-08,-9.53289358563e-08,2.19455618122e-08,-4.15805736509e-08,-2.80916037099e-08,5.37230882003e-09,5.80122971883e-08,9.53289358563e-08,4.69830774819e-06,0.0,3.2018695606e-07,9.56010879349e-08,-9.49711953524e-09,9.72888969386e-09,2.19455618122e-08,4.15805736509e-08,3.2018695606e-07,-9.56010879349e-08,5.27183647137e-06,0.0
1625182232274719925,height,4,32,width,4,8,imag,2,2,0,4.1749856905e-08,0.0,1.77921888334e-09,-2.93089685854e-09,-2.81037095817e-08,-9.36918453931e-09,-1.65492561877e-08,-1.01904049643e-08,1.77921888334e-09,2.93089685854e-09,3.95382221541e-06,0.0,4.25180779473e-08,-8.78071801935e-08,-3.29467297888e-09,-5.02778929601e-09,-2.81037095817e-08,9.36918453931e-09,4.25180779473e-08,8.78071801935e-08,4.64157983515e-06,0.0,3.14214645414e-07,1.01568531363e-07,-1.65492561877e-08,1.01904049643e-08,-3.29467297888e-09,5.02778929601e-09,3.14214645414e-07,-1.01568531363e-07,5.34234141014e-06,0.0
1625182232401708729,height,4,32,width,4,8,imag,2,2,0,4.20724894923e-08,0.0,2.3244950409e-09,-1.40206335431e-09,-2.93652071548e-08,-8.86321149807e-09,-1.32289859067e-08,-6.20478379787e-09,2.3244950409e-09,1.40206335431e-09,3.95678125642e-06,0.0,1.56961039721e-08,-1.10693711974e-07,3.19610364841e-08,5.4381446013e-09,-2.93652071548e-08,8.86321149807e-09,1.56961039721e-08,1.10693711974e-07,4.64529784949e-06,0.0,3.28247637071e-07,6.80434766309e-08,-1.32289859067e-08,6.20478379787e-09,3.19610364841e-08,-5.4381446013e-09,3.28247637071e-07,-6.80434766309e-08,5.28236432729e-06,0.0
1625182232530894158,height,4,32,width,4,8,imag,2,2,0,4.21455048638e-08,0.0,-1.73999326059e-09,-1.95960336846e-09,-2.50136817925e-08,-4.8928030516e-09,-1.27824515417e-08,-8.18341039377e-09,-1.73999326059e-09,1.95960336846e-09,3.98071642849e-06,0.0,5.93331073162e-08,-1.44021115034e-07,-1.91042452968e-08,-4.26215009952e-08,-2.50136817925e-08,4.8928030516e-09,5.93331073162e-08,1.44021115034e-07,4.61812487629e-06,0.0,3.08267090077e-07,1.11334884423e-07,-1.27824515417e-08,8.18341039377e-09,-1.91042452968e-08,4.26215009952e-08,3.08267090077e-07,-1.11334884423e-07,5.32885178472e-06,0.0
1625182232657739659,height,4,32,width,4,8,imag,2,2,0,4.2159250313e-08,0.0,3.25675264534e-09,-3.66186769796e-09,-3.09992671532e-08,-8.84571083049e-09,-9.30482180195e-09,-6.60842403022e-09,3.25675264534e-09,3.66186769796e-09,3.94276867155e-06,0.0,4.25572679319e-08,-9.74397096343e-08,-8.19116233175e-11,9.01536267861e-09,-3.09992671532e-08,8.84571083049e-09,4.25572679319e-08,9.74397096343e-08,4.65753873868e-06,0.0,3.34855911888e-07,1.57193582595e-07,-9.30482180195e-09,6.60842403022e-09,-8.19116233175e-11,-9.01536267861e-09,3.34855911888e-07,-1.57193582595e-07,5.36994411959e-06,0.0
1625182232787348723,height,4,32,width,4,8,imag,2,2,0,2.14138835872e-05,0.0,6.39474237687e-05,0.00118161470164,-0.000675360206515,0.00101800390985,-0.00128272466827,-0.000481138034957,6.39474237687e-05,-0.00118161470164,0.0667391195893,0.0,0.0544997341931,0.0406872443855,-0.0313136391342,0.0694445967674,-0.000675360206515,-0.00101800390985,0.0544997341931,-0.0406872443855,0.071240618825,0.0,0.0174438692629,0.0762236490846,-0.00128272466827,0.000481138034957,-0.0313136391342,-0.0694445967674,0.0174438692629,-0.0762236490846,0.0887454375625,0.0
1625182232913592744,height,4,32,width,4,8,imag,2,2,0,0.000125307473354,0.0,8.47762566991e-05,0.00681639229879,-0.00410874653608,0.00571382930502,-0.00738895870745,-0.00275246240199,8.47762566991e-05,-0.00681639229879,0.378695726395,0.0,0.309271126986,0.229147404432,-0.160839140415,0.399849265814,-0.00410874653608,-0.00571382930502,0.309271126986,-0.229147404432,0.404385238886,0.0,0.115913711488,0.427105695009,-0.00738895870745,0.00275246240199,-0.160839140415,-0.399849265814,0.115913711488,-0.427105695009,0.502825438976,0.0
1625182233043102397,height,4,32,width,4,8,imag,2,2,0,0.000128310712171,0.0,3.79309603886e-05,0.00691748317331,-0.00422631390393,0.00575471995398,-0.00747473258525,-0.00282682478428,3.79309603886e-05,-0.00691748317331,0.380664199591,0.0,0.310118854046,0.231267303228,-0.160728782415,0.401838868856,-0.00422631390393,-0.00575471995398,0.310118854046,-0.231267303228,0.406354308128,0.0,0.11845972389,0.428223162889,-0.00747473258525,0.00282682478428,-0.160728782415,-0.401838868856,0.11845972389,-0.428223162889,0.504511237144,0.0
1625182233167044567,height,4,32,width,4,8,imag,2,2,0,0.000129233070766,0.0,3.57584831363e-05,0.00691726477817,-0.00422936165705,0.00575772952288,-0.00748169282451,-0.00282590696588,3.57584831363e-05,-0.00691726477817,0.377854138613,0.0,0.308413565159,0.229817181826,-0.15904173255,0.399253815413,-0.00422936165705,-0.00575772952288,0.308413565159,-0.229817181826,0.403724461794,0.0,0.117913872004,0.425696074963,-0.00748169282451,0.00282590696588,-0.15904173255,-0.399253815413,0.117913872004,-0.425696074963,0.501146554947,0.0
1625182233295459457,height,4,32,width,4,8,imag,2,2,0,0.000129586129333,0.0,2.87397706416e-05,0.00693586934358,-0.00423190975562,0.00576274748892,-0.00749012781307,-0.00284009310417,2.87397706416e-05,-0.00693586934358,0.37887942791,0.0,0.30862724781,0.229463115335,-0.159718245268,0.399903416634,-0.00423190975562,-0.00576274748892,0.30862724781,-0.229463115335,0.403394728899,0.0,0.117414057255,0.425849080086,-0.00749012781307,0.00284009310417,-0.159718245268,-0.399903416634,0.117414057255,-0.425849080086,0.501864552498,0.0
1625182233422898777,height,4,32,width,4,8,imag,2,2,0,0.000132751243655,0.0,-5.93030199525e-06,0.00703267054632,-0.00434171454981,0.00583499204367,-0.00762696936727,-0.00282913330011,-5.93030199525e-06,-0.00703267054632,0.380231827497,0.0,0.310322582722,0.231423825026,-0.155250325799,0.403722673655,-0.00434171454981,-0.00583499204367,0.310322582722,-0.231423825026,0.407440334558,0.0,0.124521896243,0.427401632071,-0.00762696936727,0.00282913330011,-0.155250325799,-0.403722673655,0.124521896243,-0.427401632071,0.504730939865,0.0
1625182233552410056,height,4,32,width,4,8,imag,2,2,0,0.00013105708058,0.0,0.000114734379167,0.00696830591187,-0.00420288834721,0.00585267972201,-0.00754599366337,-0.00280331633985,0.000114734379167,-0.00696830591187,0.377872169018,0.0,0.308187037706,0.230025574565,-0.16149815917,0.398338645697,-0.00420288834721,-0.00585267972201,0.308187037706,-0.230025574565,0.404685407877,0.0,0.116024442017,0.426485240459,-0.00754599366337,0.00280331633985,-0.16149815917,-0.398338645697,0.116024442017,-0.426485240459,0.501104772091,0.0
1625182233679077407,height,4,32,width,4,8,imag,2,2,0,0.000135343128932,0.0,3.60378944606e-05,0.007084521465,-0.00434057367966,0.00588948605582,-0.00766190234572,-0.00287768570706,3.60378944606e-05,-0.007084521465,0.378240644932,0.0,0.308015346527,0.230355814099,-0.158689796925,0.400016635656,-0.00434057367966,-0.00588948605582,0.308015346527,-0.230355814099,0.404072880745,0.0,0.119618803263,0.425690680742,-0.00766190234572,0.00287768570706,-0.158689796925,-0.400016635656,0.119618803263,-0.425690680742,0.501664102077,0.0
1625182233807523958,height,4,32,width,4,8,imag,2,2,0,0.000135294510983,0.0,0.000108232765342,0.00710186269134,-0.00428963406011,0.0059547838755,-0.00765993399546,-0.00293269357644,0.000108232765342,-0.00710186269134,0.380211681128,0.0,0.309723734856,0.231381416321,-0.165886983275,0.399436920881,-0.00428963406011,-0.0059547838755,0.309723734856,-0.231381416321,0.406735271215,0.0,0.113315738738,0.429744184017,-0.00765993399546,0.00293269357644,-0.165886983275,-0.399436920881,0.113315738738,-0.429744184017,0.503758728504,0.0
1625182233934893264,height,4,32,width,4,8,imag,2,2,0,0.000136242728331,0.0,6.03866028541e-05,0.00709109799936,-0.00432153744623,0.00591824809089,-0.00764424540102,-0.0029446540866,6.03866028541e-05,-0.00709109799936,0.376303970814,0.0,0.307128936052,0.229172065854,-0.161989599466,0.396009415388,-0.00432153744623,-0.00591824809089,0.307128936052,-0.229172065854,0.402606368065,0.0,0.113703027368,0.4248239398,-0.00764424540102,0.0029446540866,-0.161989599466,-0.396009415388,0.113703027368,-0.4248239398,0.49860098958,0.0
1625182234064125515,height,4,32,width,4,8,imag,2,2,0,8.26314062579e-05,0.0,-1.74081833393e-05,0.00422482797876,-0.00261201057583,0.00349030154757,-0.00455982005224,-0.00173164578155,-1.74081833393e-05,-0.00422482797876,0.220196172595,0.0,0.179334446788,0.133595868945,-0.091035798192,0.233454957604,-0.00261201057583,-0.00349030154757,0.179334446788,-0.133595868945,0.234940320253,0.0,0.0706406608224,0.247300699353,-0.00455982005224,0.00173164578155,-0.091035798192,-0.233454957604,0.0706406608224,-0.247300699353,0.291894435883,0.0
1625182234190783489,height,4,32,width,4,8,imag,2,2,0,4.20038794857e-08,0.0,-4.85709916731e-09,-1.35313338312e-09,-2.99232958412e-08,-6.85711620818e-09,-1.00429833338e-08,-1.1234739361e-08,-4.85709916731e-09,1.35313338312e-09,3.97220037485e-06,0.0,7.91582976944e-08,-8.20932157808e-08,9.72640101793e-09,-2.95533215677e-08,-2.99232958412e-08,6.85711620818e-09,7.91582976944e-08,8.20932157808e-08,4.66281107947e-06,0.0,3.29783205189e-07,1.71137870097e-07,-1.00429833338e-08,1.1234739361e-08,9.72640101793e-09,2.95533215677e-08,3.29783205189e-07,-1.71137870097e-07,5.34969058208e-06,0.0
1625182234320268415,height,4,32,width,4,8,imag,2,2,0,4.19084038583e-08,0.0,-4.55645271513e-10,-4.12431244712e-09,-2.36212081006e-08,-1.19437135737e-08,-1.40072078381e-08,-8.87448337039e-09,-4.55645271513e-10,4.12431244712e-09,3.95652068619e-06,0.0,3.485234501e-08,-1.10778252349e-07,-2.54313530235e-08,1.06805844169e-08,-2.36212081006e-08,1.19437135737e-08,3.485234501e-08,1.10778252349e-07,4.59515240436e-06,0.0,2.62833822262e-07,5.91663287253e-08,-1.40072078381e-08,8.87448337039e-09,-2.54313530235e-08,-1.06805844169e-08,2.62833822262e-07,-5.91663287253e-08,5.39496113561e-06,0.0
1625182234446576597,height,4,32,width,4,8,imag,2,2,0,4.16488532551e-08,0.0,7.86984755141e-10,-4.77625983208e-09,-3.20735651371e-08,-9.88574022642e-09,-9.45880707093e-09,-9.42323286068e-09,7.86984755141e-10,4.77625983208e-09,3.95436200051e-06,0.0,3.88706133947e-08,-8.86565842961e-08,2.71187570178e-08,-3.84526970265e-08,-3.20735651371e-08,9.88574022642e-09,3.88706133947e-08,8.86565842961e-08,4.67062045573e-06,0.0,3.74367289169e-07,7.93027794543e-08,-9.45880707093e-09,9.42323286068e-09,2.71187570178e-08,3.84526970265e-08,3.74367289169e-07,-7.93027794543e-08,5.40090877621e-06,0.0
1625182234578618008,height,4,32,width,4,8,imag,2,2,0,4.19307042421e-08,0.0,3.60038832081e-10,-1.79094716835e-09,-2.82915806338e-08,-6.70816380222e-09,-1.01917212447e-08,-8.34427726915e-09,3.60038832081e-10,1.79094716835e-09,3.93723712477e-06,0.0,2.74404197143e-08,-7.62538334698e-08,-2.71054272361e-08,-3.26522808791e-08,-2.82915806338e-08,6.70816380222e-09,2.74404197143e-08,7.62538334698e-08,4.59281091025e-06,0.0,3.58318743565e-07,1.01701310484e-07,-1.01917212447e-08,8.34427726915e-09,-2.71054272361e-08,3.26522808791e-08,3.58318743565e-07,-1.01701310484e-07,5.3748017308e-06,0.0
1625182234703404462,height,4,32,width,4,8,imag,2,2,0,4.21222274838e-08,0.0,8.38346447818e-10,-5.51543810623e-10,-2.66398227922e-08,-7.71922792353e-09,-1.79497128272e-08,-9.69647739879e-09,8.38346447818e-10,5.51543810623e-10,3.96343239117e-06,0.0,6.65156179025e-08,-6.84596983547e-08,1.58341020295e-08,-2.29929817408e-08,-2.66398227922e-08,7.71922792353e-09,6.65156179025e-08,6.84596983547e-08,4.65049379272e-06,0.0,3.29285370526e-07,8.77882868622e-08,-1.79497128272e-08,9.69647739879e-09,1.58341020295e-08,2.29929817408e-08,3.29285370526e-07,-8.77882868622e-08,5.33610227649e-06,0.0
1625182234832002821,height,4,32,width,4,8,imag,2,2,0,4.2104158382e-08,0.0,1.67483038549e-09,-5.51110768132e-10,-2.73183555777e-08,-8.27817636662e-09,-1.16059988287e-08,-1.1131345623e-08,1.67483038549e-09,5.51110768132e-10,4.02187515647e-06,0.0,3.03365546017e-08,-1.160017149e-07,3.31275380461e-08,-3.14074313224e-08,-2.73183555777e-08,8.27817636662e-09,3.03365546017e-08,1.160017149e-07,4.66009805677e-06,0.0,3.28513522163e-07,7.71241346342e-08,-1.16059988287e-08,1.1131345623e-08,3.31275380461e-08,3.14074313224e-08,3.28513522163e-07,-7.71241346342e-08,5.3273965932e-06,0.0
1625182234958803685,height,4,32,width,4,8,imag,2,2,0,4.16320737884e-08,0.0,-2.86863754972e-09,-2.07825490151e-09,-3.09680388e-08,-6.48093934075e-09,-1.64178075579e-08,-9.70309166348e-09,-2.86863754972e-09,2.07825490151e-09,3.95950928578e-06,0.0,4.57052280467e-08,-5.25302965571e-08,-6.37621122568e-10,-5.70440672476e-09,-3.09680388e-08,6.48093934075e-09,4.57052280467e-08,5.25302965571e-08,4.65486436951e-06,0.0,3.41658960679e-07,1.36145558827e-07,-1.64178075579e-08,9.70309166348e-09,-6.37621122568e-10,5.70440672476e-09,3.41658960679e-07,-1.36145558827e-07,5.44373233424e-06,0.0
1625182235087927479,height,4,32,width,4,8,imag,2,2,0,4.2070073647e-08,0.0,1.56299095888e-09,-1.06208175588e-09,-3.00533073982e-08,-7.23952142678e-09,-1.15721991989e-08,-3.17120241178e-09,1.56299095888e-09,1.06208175588e-09,3.92151741835e-06,0.0,1.48610981299e-08,-1.1989710913e-07,5.86534154579e-10,-2.44278552941e-08,-3.00533073982e-08,7.23952142678e-09,1.48610981299e-08,1.1989710913e-07,4.62635716758e-06,0.0,2.86234040914e-07,1.00600750841e-07,-1.15721991989e-08,3.17120241178e-09,5.86534154579e-10,2.44278552941e-08,2.86234040914e-07,-1.00600750841e-07,5.26856547367e-06,0.0
1625182235215029225,height,4,32,width,4,8,imag,2,2,0,4.179653601e-08,0.0,1.25758203851e-09,-9.35754806974e-10,-2.98426243717e-08,-8.92243789963e-09,-1.52741534976e-08,-9.18351261703e-09,1.25758203851e-09,9.35754806974e-10,3.94765402234e-06,0.0,4.65038176856e-08,-1.01114046913e-07,-1.68061404793e-08,-1.7540687125e-08,-2.98426243717e-08,8.92243789963e-09,4.65038176856e-08,1.01114046913e-07,4.64702816316e-06,0.0,3.19210130328e-07,9.99816975877e-08,-1.52741534976e-08,9.18351261703e-09,-1.68061404793e-08,1.7540687125e-08,3.19210130328e-07,-9.99816975877e-08,5.31673686055e-06,0.0
1625182235344425086,height,4,32,width,4,8,imag,2,2,0,4.1757139968e-08,0.0,-6.42754072189e-10,-1.65770586147e-09,-2.94325275263e-08,-8.66145022371e-09,-1.34764386317e-08,-9.53564249784e-09,-6.42754072189e-10,1.65770586147e-09,3.96344739784e-06,0.0,4.74658854444e-08,-1.17293055268e-07,8.49585646279e-08,-2.4237255758e-08,-2.94325275263e-08,8.66145022371e-09,4.74658854444e-08,1.17293055268e-07,4.66807068733e-06,0.0,3.08417355654e-07,1.60126290893e-07,-1.34764386317e-08,9.53564249784e-09,8.49585646279e-08,2.4237255758e-08,3.08417355654e-07,-1.60126290893e-07,5.37661799171e-06,0.0
1625182235470927117,height,4,32,width,4,8,imag,2,2,0,4.15445065016e-08,0.0,1.20357324107e-09,3.25436538828e-10,-2.86627752644e-08,-1.06394999477e-08,-9.41850064606e-09,-6.5693424034e-09,1.20357324107e-09,-3.25436538828e-10,3.9402530092e-06,0.0,3.55604541369e-08,-9.97957414484e-08,5.66049607187e-08,-4.18160901461e-08,-2.86627752644e-08,1.06394999477e-08,3.55604541369e-08,9.97957414484e-08,4.68195048597e-06,0.0,3.25215296471e-07,9.37634894171e-08,-9.41850064606e-09,6.5693424034e-09,5.66049607187e-08,4.18160901461e-08,3.25215296471e-07,-9.37634894171e-08,5.35250364919e-06,0.0
1625182235599787751,height,4,32,width,4,8,imag,2,2,0,4.21096366665e-08,0.0,2.02751304634e-09,-2.17531037627e-09,-2.86160020124e-08,-8.01332156186e-09,-8.94832385967e-09,-8.70834337974e-09,2.02751304634e-09,2.17531037627e-09,3.98519023292e-06,0.0,4.08086791026e-08,-7.31532452392e-08,2.07233128435e-08,-1.73812331195e-09,-2.86160020124e-08,8.01332156186e-09,4.08086791026e-08,7.31532452392e-08,4.64693948743e-06,0.0,3.08624692025e-07,6.19803159907e-08,-8.94832385967e-09,8.70834337974e-09,2.07233128435e-08,1.73812331195e-09,3.08624692025e-07,-6.19803159907e-08,5.41897406947e-06,0.0
1625182235730073039,height,4,32,width,4,8,imag,2,2,0,4.18424299653e-08,0.0,2.15012074811e-09,-2.74190847804e-09,-2.69125877139e-08,-1.00627035593e-08,-1.01204289393e-08,-8.32315372179e-09,2.15012074811e-09,2.74190847804e-09,3.98622250941e-06,0.0,2.15194582154e-08,-9.82624399626e-08,6.2469602824e-09,-5.10755882033e-08,-2.69125877139e-08,1.00627035593e-08,2.15194582154e-08,9.82624399626e-08,4.58808608528e-06,0.0,2.94988751648e-07,1.32979522505e-07,-1.01204289393e-08,8.32315372179e-09,6.2469602824e-09,5.10755882033e-08,2.94988751648e-07,-1.32979522505e-07,5.32800731889e-06,0.0
1625182235856181506,height,4,32,width,4,8,imag,2,2,0,4.21409005469e-08,0.0,-3.50390583215e-09,-5.10604669657e-09,-2.77016543038e-08,-7.33009208886e-09,-1.63974096523e-08,-7.43426920025e-09,-3.50390583215e-09,5.10604669657e-09,3.93448181057e-06,0.0,3.80816906898e-08,-1.44164161497e-07,2.40806432572e-08,-1.85480093506e-08,-2.77016543038e-08,7.33009208886e-09,3.80816906898e-08,1.44164161497e-07,4.6324307732e-06,0.0,2.71571451549e-07,1.3101353602e-07,-1.63974096523e-08,7.43426920025e-09,2.40806432572e-08,1.85480093506e-08,2.71571451549e-07,-1.3101353602e-07,5.32920648766e-06,0.0
1625182235982927791,height,4,32,width,4,8,imag,2,2,0,4.20264143486e-08,0.0,-2.02287164797e-09,-1.01111474748e-09,-2.33967671903e-08,-8.84974227233e-09,-1.39391618248e-08,-9.30104526731e-09,-2.02287164797e-09,1.01111474748e-09,3.9731698962e-06,0.0,7.49943467326e-08,-1.11518417611e-07,2.44624729362e-08,4.3922373294e-08,-2.33967671903e-08,8.84974227233e-09,7.49943467326e-08,1.11518417611e-07,4.61841864308e-06,0.0,3.08453138587e-07,7.89822678371e-08,-1.39391618248e-08,9.30104526731e-09,2.44624729362e-08,-4.3922373294e-08,3.08453138587e-07,-7.89822678371e-08,5.32708418177e-06,0.0
1625182236111790026,height,4,32,width,4,8,imag,2,2,0,4.16859968766e-08,0.0,-6.35517749537e-10,1.13417226999e-10,-2.72352860264e-08,-9.77945990854e-09,-1.57405199985e-08,-1.05268158634e-08,-6.35517749537e-10,-1.13417226999e-10,3.98082374886e-06,0.0,4.0186765915e-08,-1.02189609663e-07,4.62643079402e-08,-1.40229516887e-08,-2.72352860264e-08,9.77945990854e-09,4.0186765915e-08,1.02189609663e-07,4.66329765914e-06,0.0,3.36794187206e-07,1.77883521246e-07,-1.57405199985e-08,1.05268158634e-08,4.62643079402e-08,1.40229516887e-08,3.36794187206e-07,-1.77883521246e-07,5.29237422597e-06,0.0
1625182236238967869,height,4,32,width,4,8,imag,2,2,0,4.17994847624e-08,0.0,-5.47675194085e-09,-3.01902791655e-09,-2.69582276502e-08,-4.22415880053e-09,-1.65783315964e-08,-6.88711532248e-09,-5.47675194085e-09,3.01902791655e-09,3.97843496103e-06,0.0,2.65684523271e-08,-7.42519432606e-08,1.61611932725e-08,-2.74374283293e-08,-2.69582276502e-08,4.22415880053e-09,2.65684523271e-08,7.42519432606e-08,4.66281198896e-06,0.0,2.83743531782e-07,8.61167350763e-08,-1.65783315964e-08,6.88711532248e-09,1.61611932725e-08,2.74374283293e-08,2.83743531782e-07,-8.61167350763e-08,5.35457820661e-06,0.0
1625182236368616375,height,4,32,width,4,8,imag,2,2,0,4.18199164187e-08,0.0,5.96954763399e-10,-6.26954177463e-09,-2.84954086993e-08,-9.8467118903e-09,-1.3392884135e-08,-7.08977188069e-09,5.96954763399e-10,6.26954177463e-09,3.93419077227e-06,0.0,1.79937789113e-08,-1.31681929361e-07,2.61085464359e-08,-4.91828338056e-08,-2.84954086993e-08,9.8467118903e-09,1.79937789113e-08,1.31681929361e-07,4.62398929812e-06,0.0,3.44622378634e-07,1.10404037912e-07,-1.3392884135e-08,7.08977188069e-09,2.61085464359e-08,4.91828338056e-08,3.44622378634e-07,-1.10404037912e-07,5.38341100764e-06,0.0
1625182236494908917,height,4,32,width,4,8,imag,2,2,0,4.17881089732e-08,0.0,-3.44285067122e-09,-4.74982453369e-09,-2.74670597378e-08,-1.14935607698e-08,-1.40659750514e-08,-5.84819881411e-09,-3.44285067122e-09,4.74982453369e-09,3.98695055992e-06,0.0,5.94632609818e-08,-8.52070911606e-08,9.03778207828e-09,-2.0028153358e-08,-2.74670597378e-08,1.14935607698e-08,5.94632609818e-08,8.52070911606e-08,4.63858941657e-06,0.0,2.97601843613e-07,5.47799814399e-08,-1.40659750514e-08,5.84819881411e-09,9.03778207828e-09,2.0028153358e-08,2.97601843613e-07,-5.47799814399e-08,5.36675133844e-06,0.0
1625182236624093202,height,4,32,width,4,8,imag,2,2,0,4.12795735372e-08,0.0,3.97312183154e-10,-1.47718129395e-10,-2.59374264289e-08,-8.10995892664e-09,-1.27483890111e-08,-1.12544684683e-08,3.97312183154e-10,1.47718129395e-10,3.93833033741e-06,0.0,5.37602780071e-08,-5.9199834368e-08,6.3501140346e-08,-3.32597238639e-08,-2.59374264289e-08,8.10995892664e-09,5.37602780071e-08,5.9199834368e-08,4.63461901745e-06,0.0,3.41018250083e-07,1.19944758126e-07,-1.27483890111e-08,1.12544684683e-08,6.3501140346e-08,3.32597238639e-08,3.41018250083e-07,-1.19944758126e-07,5.36760899195e-06,0.0
1625182236751653334,height,4,32,width,4,8,imag,2,2,0,4.18621688425e-08,0.0,-6.21359963482e-10,-6.46837117202e-09,-2.55937369076e-08,-1.05542898865e-08,-1.04289838987e-08,-1.10213447257e-08,-6.21359963482e-10,6.46837117202e-09,4.00162525693e-06,0.0,3.38530448118e-08,-1.04797777567e-07,-1.07382680525e-09,-2.89596069347e-10,-2.55937369076e-08,1.05542898865e-08,3.38530448118e-08,1.04797777567e-07,4.59573038825e-06,0.0,3.60211004136e-07,1.1133283806e-07,-1.04289838987e-08,1.10213447257e-08,-1.07382680525e-09,2.89596069347e-10,3.60211004136e-07,-1.1133283806e-07,5.34435093869e-06,0.0
1625182236879718510,height,4,32,width,4,8,imag,2,2,0,4.21363353098e-08,0.0,2.82835133092e-09,-4.86874229821e-09,-2.63206363371e-08,-1.22303482897e-08,-1.2526657045e-08,-1.06004955924e-08,2.82835133092e-09,4.86874229821e-09,3.97528219764e-06,0.0,4.79389576924e-08,-1.07011267403e-07,4.4869164384e-08,-1.10237214912e-08,-2.63206363371e-08,1.22303482897e-08,4.79389576924e-08,1.07011267403e-07,4.61725221612e-06,0.0,3.26359668179e-07,1.11260888502e-07,-1.2526657045e-08,1.06004955924e-08,4.4869164384e-08,1.10237214912e-08,3.26359668179e-07,-1.11260888502e-07,5.35554727321e-06,0.0
1625182237012991522,height,4,32,width,4,8,imag,2,2,0,4.17410284115e-08,0.0,7.94507126756e-10,-5.727958996e-09,-2.71311879629e-08,-1.00026680272e-08,-1.35638584808e-08,-7.92354093448e-09,7.94507126756e-10,5.727958996e-09,3.92648644265e-06,0.0,1.09965432316e-08,-1.30079541805e-07,1.36326621103e-08,8.63712745769e-09,-2.71311879629e-08,1.00026680272e-08,1.09965432316e-08,1.30079541805e-07,4.69913447887e-06,0.0,3.35063987222e-07,1.65277356245e-07,-1.35638584808e-08,7.92354093448e-09,1.36326621103e-08,-8.63712745769e-09,3.35063987222e-07,-1.65277356245e-07,5.43457645108e-06,0.0
1625182237136737429,height,4,32,width,4,8,imag,2,2,0,4.2014733026e-08,0.0,-2.54639087593e-10,-3.66044838884e-09,-3.09020471434e-08,-1.06889546103e-08,-1.42705562922e-08,-7.49878559247e-09,-2.54639087593e-10,3.66044838884e-09,3.96765835831e-06,0.0,3.19790736114e-08,-1.13431617876e-07,6.23066043204e-08,-4.02030053692e-08,-3.09020471434e-08,1.06889546103e-08,3.19790736114e-08,1.13431617876e-07,4.59364173366e-06,0.0,3.30337343257e-07,1.39044502134e-07,-1.42705562922e-08,7.49878559247e-09,6.23066043204e-08,4.02030053692e-08,3.30337343257e-07,-1.39044502134e-07,5.39039592695e-06,0.0
1625182237263662752,height,4,32,width,4,8,imag,2,2,0,4.17451779811e-08,0.0,1.2405093619e-09,-2.48466225372e-09,-3.23702877836e-08,-5.966949157e-09,-1.41591192104e-08,-1.19534293574e-08,1.2405093619e-09,2.48466225372e-09,4.01583429266e-06,0.0,2.05285815014e-08,-1.07735068866e-07,6.82369289962e-08,3.22023097077e-09,-3.23702877836e-08,5.966949157e-09,2.05285815014e-08,1.07735068866e-07,4.63207197754e-06,0.0,2.84690031549e-07,1.00477379306e-07,-1.41591192104e-08,1.19534293574e-08,6.82369289962e-08,-3.22023097077e-09,2.84690031549e-07,-1.00477379306e-07,5.34249511475e-06,0.0
1625182237392612397,height,4,32,width,4,8,imag,2,2,0,0.000136563248816,0.0,9.95376904029e-05,0.00692883273587,-0.00422125076875,0.00578051712364,-0.00745670637116,-0.00293089845218,9.95376904029e-05,-0.00692883273587,0.35842731595,0.0,0.291012108326,0.219908609986,-0.159155145288,0.375701189041,-0.00422125076875,-0.00578051712364,0.291012108326,-0.219908609986,0.383171886206,0.0,0.105780445039,0.405471920967,-0.00745670637116,0.00293089845218,-0.159155145288,-0.375701189041,0.105780445039,-0.405471920967,0.475732654333,0.0
1625182237519896307,height,4,32,width,4,8,imag,2,2,0,0.000151067142724,0.0,-2.89324043479e-06,0.00751430680975,-0.00468940380961,0.00617930898443,-0.0080867856741,-0.00315243354999,-2.89324043479e-06,-0.00751430680975,0.380951762199,0.0,0.308126837015,0.234707042575,-0.162239104509,0.401908308268,-0.00468940380961,-0.00617930898443,0.308126837015,-0.234707042575,0.406769961119,0.0,0.121422849596,0.428200393915,-0.0080867856741,0.00315243354999,-0.162239104509,-0.401908308268,0.121422849596,-0.428200393915,0.504920005798,0.0
1625182237648099699,height,4,32,width,4,8,imag,2,2,0,0.000148478691699,0.0,6.66162013658e-05,0.00742355221882,-0.00455429265276,0.00616184715182,-0.00798602122813,-0.00311409542337,6.66162013658e-05,-0.00742355221882,0.37828502059,0.0,0.306857973337,0.232043340802,-0.16480588913,0.397580653429,-0.00455429265276,-0.00616184715182,0.306857973337,-0.232043340802,0.403657436371,0.0,0.114922203124,0.426570028067,-0.00798602122813,0.00311409542337,-0.16480588913,-0.397580653429,0.114922203124,-0.426570028067,0.501032471657,0.0
1625182237775707973,height,4,32,width,4,8,imag,2,2,0,0.000151096726768,0.0,2.18723162106e-05,0.0075127473101,-0.00463207950816,0.00622550211847,-0.00804908946157,-0.00322821037844,2.18723162106e-05,-0.0075127473101,0.380879104137,0.0,0.30918648839,0.232579484582,-0.167261496186,0.399411439896,-0.00463207950816,-0.00622550211847,0.30918648839,-0.232579484582,0.407105028629,0.0,0.113556452096,0.429891377687,-0.00804908946157,0.00322821037844,-0.167261496186,-0.399411439896,0.113556452096,-0.429891377687,0.503952920437,0.0
1625182237904029432,height,4,32,width,4,8,imag,2,2,0,0.000147192389704,0.0,1.30716343847e-05,0.00735461059958,-0.00455303676426,0.00609234813601,-0.00789730995893,-0.00312591320835,1.30716343847e-05,-0.00735461059958,0.374717503786,0.0,0.305177390575,0.229760050774,-0.162732809782,0.393906801939,-0.00455303676426,-0.00609234813601,0.305177390575,-0.229760050774,0.401438206434,0.0,0.113555930555,0.423483610153,-0.00789730995893,0.00312591320835,-0.162732809782,-0.393906801939,0.113555930555,-0.423483610153,0.496750891209,0.0
1625182238031304811,height,4,32,width,4,8,imag,2,2,0,0.000153745393618,0.0,-5.69343828829e-05,0.00757287628949,-0.00473857717589,0.00622422713786,-0.0081380950287,-0.00321652181447,-5.69343828829e-05,-0.00757287628949,0.380504846573,0.0,0.309178829193,0.232736736536,-0.160888031125,0.40148332715,-0.00473857717589,-0.00622422713786,0.309178829193,-0.232736736536,0.406769126654,0.0,0.120001107454,0.427841663361,-0.0081380950287,0.00321652181447,-0.160888031125,-0.40148332715,0.120001107454,-0.427841663361,0.504113256931,0.0
1625182238160419006,height,4,32,width,4,8,imag,2,2,0,0.000149806350237,0.0,5.4446143622e-05,0.00744353374466,-0.00458581605926,0.00615971907973,-0.00798226520419,-0.00320571823977,5.4446143622e-05,-0.00744353374466,0.376971304417,0.0,0.304845422506,0.231492117047,-0.167283758521,0.394967794418,-0.00458581605926,-0.00615971907973,0.304845422506,-0.231492117047,0.401989728212,0.0,0.11229877919,0.425313353539,-0.00798226520419,0.00320571823977,-0.167283758521,-0.394967794418,0.11229877919,-0.425313353539,0.499666720629,0.0
1625182238294125238,height,4,32,width,4,8,imag,2,2,0,0.000151219122927,0.0,6.0184414906e-05,0.00750652048737,-0.00463900715113,0.00621400866657,-0.00809113308787,-0.00314027699642,6.0184414906e-05,-0.00750652048737,0.379901170731,0.0,0.307427316904,0.234346657991,-0.164818763733,0.400117367506,-0.00463900715113,-0.00621400866657,0.307427316904,-0.234346657991,0.406125843525,0.0,0.118409924209,0.42859891057,-0.00809113308787,0.00314027699642,-0.164818763733,-0.400117367506,0.118409924209,-0.42859891057,0.504468142986,0.0
1625182238416884406,height,4,32,width,4,8,imag,2,2,0,0.000153136148583,0.0,8.04445808171e-05,0.00757084507495,-0.00463835056871,0.00628033559769,-0.00814484525472,-0.0031711095944,8.04445808171e-05,-0.00757084507495,0.381444871426,0.0,0.308343559504,0.233973100781,-0.166440144181,0.400584101677,-0.00463835056871,-0.00628033559769,0.308343559504,-0.233973100781,0.406407296658,0.0,0.11636646837,0.4291908741,-0.00814484525472,0.0031711095944,-0.166440144181,-0.400584101677,0.11636646837,-0.4291908741,0.504994869232,0.0
1625182238543849256,height,4,32,width,4,8,imag,2,2,0,0.000121448341815,0.0,7.4914911238e-05,0.00601668655872,-0.00371542945504,0.00499340053648,-0.00647174473852,-0.00257070199586,7.4914911238e-05,-0.00601668655872,0.304113417864,0.0,0.245912998915,0.1886164397,-0.135413065553,0.318591117859,-0.00371542945504,-0.00499340053648,0.245912998915,-0.1886164397,0.325975686312,0.0,0.0918651297688,0.343998253345,-0.00647174473852,0.00257070199586,-0.135413065553,-0.318591117859,0.0918651297688,-0.343998253345,0.403796702623,0.0
1625182238681347126,height,4,32,width,4,8,imag,2,2,0,4.19708321431e-08,0.0,-1.50279388933e-09,-3.32987215579e-09,-2.86620895906e-08,-1.12931459739e-08,-1.37816158485e-08,-8.71142713521e-09,-1.50279388933e-09,3.32987215579e-09,3.96083441956e-06,0.0,1.79080270613e-08,-8.26743757898e-08,4.7585690055e-08,4.65639438119e-09,-2.86620895906e-08,1.12931459739e-08,1.79080270613e-08,8.26743757898e-08,4.64715367343e-06,0.0,3.66520197304e-07,1.36550568186e-07,-1.37816158485e-08,8.71142713521e-09,4.7585690055e-08,-4.65639438119e-09,3.66520197304e-07,-1.36550568186e-07,5.35716662853e-06,0.0
1625182238803142235,height,4,32,width,4,8,imag,2,2,0,4.17440766398e-08,0.0,-3.33087835092e-10,-2.92242319233e-09,-3.13554373577e-08,-8.62044746697e-09,-1.30248016816e-08,-9.89687976016e-09,-3.33087835092e-10,2.92242319233e-09,4.0027553041e-06,0.0,3.23786402134e-08,-6.12359301044e-08,4.58193882835e-09,-1.45394771778e-08,-3.13554373577e-08,8.62044746697e-09,3.23786402134e-08,6.12359301044e-08,4.59674674858e-06,0.0,3.33606408276e-07,1.2227353352e-07,-1.30248016816e-08,9.89687976016e-09,4.58193882835e-09,1.45394771778e-08,3.33606408276e-07,-1.2227353352e-07,5.34814716957e-06,0.0
1625182238931654950,height,4,32,width,4,8,imag,2,2,0,4.17474090852e-08,0.0,1.84642977991e-11,-1.86415571868e-09,-2.39907667066e-08,-1.07321298515e-08,-1.34664759344e-08,-8.8187110947e-09,1.84642977991e-11,1.86415571868e-09,3.99313785238e-06,0.0,3.09767784756e-08,-1.13013676639e-07,2.36322095226e-09,-4.25021902117e-08,-2.39907667066e-08,1.07321298515e-08,3.09767784756e-08,1.13013676639e-07,4.63290189145e-06,0.0,3.30424938966e-07,7.51824202894e-08,-1.34664759344e-08,8.8187110947e-09,2.36322095226e-09,4.25021902117e-08,3.30424938966e-07,-7.51824202894e-08,5.40932342119e-06,0.0
1625182239058801145,height,4,32,width,4,8,imag,2,2,0,4.18698533622e-08,0.0,4.23992091436e-10,-1.76667336316e-09,-2.95038304898e-08,-9.2152170339e-09,-1.56402695239e-08,-9.8924619607e-09,4.23992091436e-10,1.76667336316e-09,3.98606516683e-06,0.0,3.98842985305e-08,-9.61021058288e-08,1.89735054335e-08,-1.71894996015e-08,-2.95038304898e-08,9.2152170339e-09,3.98842985305e-08,9.61021058288e-08,4.63958167529e-06,0.0,2.94734377349e-07,9.07493244995e-08,-1.56402695239e-08,9.8924619607e-09,1.89735054335e-08,1.71894996015e-08,2.94734377349e-07,-9.07493244995e-08,5.34186165169e-06,0.0
1625182239182961714,height,4,32,width,4,8,imag,2,2,0,4.16344470011e-08,0.0,-1.98265359685e-09,-3.79745612733e-09,-2.6445873047e-08,-9.00484398159e-09,-1.33878108599e-08,-1.4084262645e-08,-1.98265359685e-09,3.79745612733e-09,3.98514748667e-06,0.0,1.23932553109e-08,-9.30348775796e-08,-1.91945570549e-08,9.62123181125e-09,-2.6445873047e-08,9.00484398159e-09,1.23932553109e-08,9.30348775796e-08,4.61548142994e-06,0.0,3.47386929889e-07,1.57021432301e-07,-1.33878108599e-08,1.4084262645e-08,-1.91945570549e-08,-9.62123181125e-09,3.47386929889e-07,-1.57021432301e-07,5.34088576387e-06,0.0
1625182239314612359,height,4,32,width,4,8,imag,2,2,0,4.17049434986e-08,0.0,-2.40947195529e-09,-5.74574277046e-10,-2.69438658052e-08,-9.08088715335e-09,-1.32907604922e-08,-1.45508662897e-08,-2.40947195529e-09,5.74574277046e-10,3.9684314288e-06,0.0,6.24350970924e-09,-1.13795266543e-07,2.37504043099e-08,-1.25808341522e-09,-2.69438658052e-08,9.08088715335e-09,6.24350970924e-09,1.13795266543e-07,4.62241632704e-06,0.0,3.07826297785e-07,9.86230972444e-08,-1.32907604922e-08,1.45508662897e-08,2.37504043099e-08,1.25808341522e-09,3.07826297785e-07,-9.86230972444e-08,5.35184744876e-06,0.0
1625182239439800505,height,4,32,width,4,8,imag,2,2,0,4.20493577735e-08,0.0,-7.6277878458e-10,-6.04744965216e-09,-2.92499287013e-08,-7.14471681817e-09,-1.03974091559e-08,-7.74123964931e-09,-7.6277878458e-10,6.04744965216e-09,3.98396605306e-06,0.0,2.47632527817e-08,-1.22323839946e-07,1.3366570073e-08,3.62510839125e-08,-2.92499287013e-08,7.14471681817e-09,2.47632527817e-08,1.22323839946e-07,4.63217611468e-06,0.0,3.22324268609e-07,1.02855217676e-07,-1.03974091559e-08,7.74123964931e-09,1.3366570073e-08,-3.62510839125e-08,3.22324268609e-07,-1.02855217676e-07,5.32582271262e-06,0.0
1625182239574139205,height,4,32,width,4,8,imag,2,2,0,4.12242187053e-08,0.0,-1.02377806233e-09,-1.13363984866e-09,-2.51398049045e-08,-6.26002139015e-09,-1.63104854067e-08,-8.18443179895e-09,-1.02377806233e-09,1.13363984866e-09,4.02085515816e-06,0.0,4.65944509642e-08,-8.85439064291e-08,-2.32600450012e-09,-3.78109632493e-08,-2.51398049045e-08,6.26002139015e-09,4.65944509642e-08,8.85439064291e-08,4.64827462565e-06,0.0,3.06425960162e-07,8.4196145167e-08,-1.63104854067e-08,8.18443179895e-09,-2.32600450012e-09,3.78109632493e-08,3.06425960162e-07,-8.4196145167e-08,5.35621029485e-06,0.0
1625182239696290439,height,4,32,width,4,8,imag,2,2,0,4.16766994249e-08,0.0,3.22060111912e-09,-1.82616555211e-09,-2.93917121752e-08,-1.14944613827e-08,-1.18926761772e-08,-1.14560343434e-08,3.22060111912e-09,1.82616555211e-09,3.94589642383e-06,0.0,1.75159566851e-08,-8.03415503015e-08,4.78847503871e-08,-2.08714148187e-08,-2.93917121752e-08,1.14944613827e-08,1.75159566851e-08,8.03415503015e-08,4.65359516966e-06,0.0,3.19758584055e-07,9.87785924167e-08,-1.18926761772e-08,1.14560343434e-08,4.78847503871e-08,2.08714148187e-08,3.19758584055e-07,-9.87785924167e-08,5.31630394107e-06,0.0
1625182239823208466,height,4,32,width,4,8,imag,2,2,0,4.18522816403e-08,0.0,2.39667091728e-10,-3.20140602916e-09,-2.73227520609e-08,-8.87395756877e-09,-1.22864642904e-08,-7.62074403582e-09,2.39667091728e-10,3.20140602916e-09,3.97496023652e-06,0.0,5.26131280765e-08,-1.20179720398e-07,2.82095076187e-08,-4.46012329292e-08,-2.73227520609e-08,8.87395756877e-09,5.26131280765e-08,1.20179720398e-07,4.64011509393e-06,0.0,3.68413424212e-07,9.28723409288e-08,-1.22864642904e-08,7.62074403582e-09,2.82095076187e-08,4.46012329292e-08,3.68413424212e-07,-9.28723409288e-08,5.38114227311e-06,0.0
1625182239952844559,height,4,32,width,4,8,imag,2,2,0,4.18118268897e-08,0.0,-5.3974352765e-10,-4.06606837089e-09,-3.0182590649e-08,-3.28658988913e-09,-1.24644783384e-08,-8.23438917052e-09,-5.3974352765e-10,4.06606837089e-09,3.96011046178e-06,0.0,4.87932076965e-08,-9.6325003085e-08,3.58544163248e-08,-3.87545551206e-09,-3.0182590649e-08,3.28658988913e-09,4.87932076965e-08,9.6325003085e-08,4.64881804874e-06,0.0,2.87581315206e-07,1.37450200555e-07,-1.24644783384e-08,8.23438917052e-09,3.58544163248e-08,3.87545551206e-09,2.87581315206e-07,-1.37450200555e-07,5.34334776603e-06,0.0
1625182240100762073,height,4,32,width,4,8,imag,2,2,0,4.16823660032e-08,0.0,-1.94017635291e-10,-3.68166364062e-09,-3.12058290319e-08,-7.76576403183e-09,-1.14464384637e-08,-7.88721710165e-09,-1.94017635291e-10,3.68166364062e-09,3.94982816943e-06,0.0,-1.72535408183e-08,-1.2247653558e-07,2.11118891258e-08,-4.01728250665e-08,-3.12058290319e-08,7.76576403183e-09,-1.72535408183e-08,1.2247653558e-07,4.64984850623e-06,0.0,2.933662131e-07,1.03244502725e-07,-1.14464384637e-08,7.88721710165e-09,2.11118891258e-08,4.01728250665e-08,2.933662131e-07,-1.03244502725e-07,5.36291599929e-06,0.0
1625182240244535188,height,4,32,width,4,8,imag,2,2,0,4.21630375058e-08,0.0,3.41884159871e-10,-3.88753695901e-09,-3.14837684812e-08,-9.89441506505e-09,-1.32455779678e-08,-1.14031877274e-08,3.41884159871e-10,3.88753695901e-09,3.96379891754e-06,0.0,4.28804085573e-08,-1.20380022395e-07,-6.39564223803e-09,-4.31726689953e-08,-3.14837684812e-08,9.89441506505e-09,4.28804085573e-08,1.20380022395e-07,4.63595233668e-06,0.0,3.46179263033e-07,1.53789812884e-07,-1.32455779678e-08,1.14031877274e-08,-6.39564223803e-09,4.31726689953e-08,3.46179263033e-07,-1.53789812884e-07,5.3179119277e-06,0.0
1625182240328263041,height,4,32,width,4,8,imag,2,2,0,4.18381453926e-08,0.0,-2.98850433289e-09,-5.13887732367e-09,-2.83002776769e-08,-3.76379682976e-09,-1.28488730766e-08,-7.70880070888e-09,-2.98850433289e-09,5.13887732367e-09,3.97949452235e-06,0.0,1.98325214029e-08,-9.86864421293e-08,8.77186767667e-09,1.25420189789e-08,-2.83002776769e-08,3.76379682976e-09,1.98325214029e-08,9.86864421293e-08,4.66375422548e-06,0.0,3.19532801996e-07,4.64227802865e-08,-1.28488730766e-08,7.70880070888e-09,8.77186767667e-09,-1.25420189789e-08,3.19532801996e-07,-4.64227802865e-08,5.35219623998e-06,0.0
1625182240439620435,height,4,32,width,4,8,imag,2,2,0,4.17297343347e-08,0.0,4.67242633473e-10,-2.96564439672e-09,-2.6579229484e-08,-9.09113762049e-09,-1.26821992907e-08,-1.03766568671e-08,4.67242633473e-10,2.96564439672e-09,3.97824078391e-06,0.0,7.67610899288e-08,-1.11687128879e-07,1.48761278851e-08,-4.24585486769e-08,-2.6579229484e-08,9.09113762049e-09,7.67610899288e-08,1.11687128879e-07,4.62172056359e-06,0.0,3.04100353787e-07,1.79663956601e-07,-1.26821992907e-08,1.03766568671e-08,1.48761278851e-08,4.24585486769e-08,3.04100353787e-07,-1.79663956601e-07,5.33024331162e-06,0.0
1625182240566952949,height,4,32,width,4,8,imag,2,2,0,4.16020178307e-08,0.0,1.93054217057e-09,-1.1465799421e-09,-2.67760054129e-08,-8.3082793978e-09,-1.55171573368e-08,-8.49266879044e-09,1.93054217057e-09,1.1465799421e-09,3.96404084313e-06,0.0,4.09384419697e-08,-9.3538432111e-08,4.427742617e-09,1.03725428247e-09,-2.67760054129e-08,8.3082793978e-09,4.09384419697e-08,9.3538432111e-08,4.69607448395e-06,0.0,3.39399235827e-07,7.5636698682e-08,-1.55171573368e-08,8.49266879044e-09,4.427742617e-09,-1.03725428247e-09,3.39399235827e-07,-7.5636698682e-08,5.35558592674e-06,0.0
1625182240728069430,height,4,32,width,4,8,imag,2,2,0,4.20146548663e-08,0.0,2.3316290565e-10,-3.70981467768e-09,-2.67875108761e-08,-4.87276530237e-09,-1.26652919263e-08,-8.75307293313e-09,2.3316290565e-10,3.70981467768e-09,3.94518747271e-06,0.0,1.29757884437e-08,-1.18585965936e-07,7.27574658299e-08,-1.4693847028e-08,-2.67875108761e-08,4.87276530237e-09,1.29757884437e-08,1.18585965936e-07,4.60581759398e-06,0.0,2.88870495524e-07,6.38425206034e-08,-1.26652919263e-08,8.75307293313e-09,7.27574658299e-08,1.4693847028e-08,2.88870495524e-07,-6.38425206034e-08,5.41093641004e-06,0.0
1625182240860162501,height,4,32,width,4,8,imag,2,2,0,4.17758450055e-08,0.0,3.21889764843e-10,-3.5819576194e-09,-2.99406117676e-08,-9.74265645937e-09,-1.49202623589e-08,-1.0035930309e-08,3.21889764843e-10,3.5819576194e-09,3.97265739593e-06,0.0,1.03432903131e-07,-1.5526300956e-07,2.5146771776e-08,2.99034197404e-09,-2.99406117676e-08,9.74265645937e-09,1.03432903131e-07,1.5526300956e-07,4.67706331619e-06,0.0,2.73261292705e-07,9.67458220202e-08,-1.49202623589e-08,1.0035930309e-08,2.5146771776e-08,-2.99034197404e-09,2.73261292705e-07,-9.67458220202e-08,5.34050150236e-06,0.0
1625182240981793986,height,4,32,width,4,8,imag,2,2,0,4.17807584085e-08,0.0,-3.72814001892e-09,1.65523150741e-09,-2.63527866196e-08,-7.54057438712e-09,-9.68455893258e-09,-7.88819498609e-09,-3.72814001892e-09,-1.65523150741e-09,3.92944411942e-06,0.0,4.10654941163e-08,-1.5220706473e-07,1.18721015241e-08,-1.09968345541e-08,-2.63527866196e-08,7.54057438712e-09,4.10654941163e-08,1.5220706473e-07,4.7249131967e-06,0.0,3.13813956154e-07,1.04521006961e-07,-9.68455893258e-09,7.88819498609e-09,1.18721015241e-08,1.09968345541e-08,3.13813956154e-07,-1.04521006961e-07,5.37210735274e-06,0.0
1625182241107938071,height,4,32,width,4,8,imag,2,2,0,4.1610054069e-08,0.0,-1.1105564246e-09,-2.37507080669e-09,-2.8721842682e-08,-6.16003115184e-09,-1.40688323214e-08,-5.43121059238e-09,-1.1105564246e-09,2.37507080669e-09,3.96376935896e-06,0.0,4.54601334354e-08,-1.39921425557e-07,-3.09378442864e-08,-1.72210068428e-08,-2.8721842682e-08,6.16003115184e-09,4.54601334354e-08,1.39921425557e-07,4.63868582301e-06,0.0,3.13468859758e-07,1.30194450776e-07,-1.40688323214e-08,5.43121059238e-09,-3.09378442864e-08,1.72210068428e-08,3.13468859758e-07,-1.30194450776e-07,5.34366972715e-06,0.0
1625182241236173772,height,4,32,width,4,8,imag,2,2,0,4.13073983907e-08,0.0,-2.5036592799e-09,-4.59574955869e-09,-2.85510157738e-08,-6.17876549924e-09,-1.4787981506e-08,-6.02013328077e-09,-2.5036592799e-09,4.59574955869e-09,3.98772590415e-06,0.0,7.31305576096e-08,-1.04035194681e-07,7.22811810405e-09,-3.75377346984e-08,-2.85510157738e-08,6.17876549924e-09,7.31305576096e-08,1.04035194681e-07,4.60608725916e-06,0.0,3.82416061484e-07,1.00204410103e-07,-1.4787981506e-08,6.02013328077e-09,7.22811810405e-09,3.75377346984e-08,3.82416061484e-07,-1.00204410103e-07,5.40540122529e-06,0.0
1625182241364054014,height,4,32,width,4,8,imag,2,2,0,4.22033288316e-08,0.0,6.64081123425e-10,-7.88393172968e-09,-2.92052781958e-08,-1.30745219096e-08,-1.09755733391e-08,-1.29609150079e-08,6.64081123425e-10,7.88393172968e-09,3.98608881369e-06,0.0,-2.44857201182e-09,-8.51044887895e-08,4.30404263341e-08,-7.2884709823e-08,-2.92052781958e-08,1.30745219096e-08,-2.44857201182e-09,8.51044887895e-08,4.62707430415e-06,0.0,3.11220873073e-07,1.09540941651e-07,-1.09755733391e-08,1.29609150079e-08,4.30404263341e-08,7.2884709823e-08,3.11220873073e-07,-1.09540941651e-07,5.32779449713e-06,0.0
1625182241493465660,height,4,32,width,4,8,imag,2,2,0,4.20335553031e-08,0.0,7.09068637139e-10,-2.03902916773e-09,-2.8663176721e-08,-1.06218980278e-08,-1.61855329139e-08,-1.04124131539e-08,7.09068637139e-10,2.03902916773e-09,3.97608073399e-06,0.0,8.02821773505e-08,-9.23361653804e-08,-1.55984007932e-08,-4.26839328327e-08,-2.8663176721e-08,1.06218980278e-08,8.02821773505e-08,9.23361653804e-08,4.62632033305e-06,0.0,3.64478154324e-07,1.39685056411e-07,-1.61855329139e-08,1.04124131539e-08,-1.55984007932e-08,4.26839328327e-08,3.64478154324e-07,-1.39685056411e-07,5.37688492841e-06,0.0
1625182241616966169,height,4,32,width,4,8,imag,2,2,0,4.16898018329e-08,0.0,-7.99908583815e-10,-2.37583774876e-09,-2.88611214927e-08,-9.73624647571e-09,-1.4539692117e-08,-7.43165129435e-09,-7.99908583815e-10,2.37583774876e-09,3.95637243855e-06,0.0,5.56498207516e-08,-1.01690744714e-07,2.28810872471e-08,-4.16921785984e-08,-2.88611214927e-08,9.73624647571e-09,5.56498207516e-08,1.01690744714e-07,4.57469604953e-06,0.0,3.37667501071e-07,8.42268832457e-08,-1.4539692117e-08,7.43165129435e-09,2.28810872471e-08,4.16921785984e-08,3.37667501071e-07,-8.42268832457e-08,5.37755659025e-06,0.0
1625182241753006010,height,4,32,width,4,8,imag,2,2,0,0.000103319311165,0.0,-0.00104089430533,0.00431743916124,-0.00352964736521,0.00291797239333,-0.00397609407082,-0.00308857182972,-0.00104089430533,-0.00431743916124,0.193977504969,0.0,0.157336175442,0.118495427072,-0.0911321789026,0.19698086381,-0.00352964736521,-0.00291797239333,0.157336175442,-0.118495427072,0.206672891974,0.0,0.0480906106532,0.217150092125,-0.00397609407082,0.00308857182972,-0.0911321789026,-0.19698086381,0.0480906106532,-0.217150092125,0.248054951429,0.0
1625182241873713483,height,4,32,width,4,8,imag,2,2,0,0.000205306132557,0.0,-0.00216766865924,0.00850496254861,-0.00708396779373,0.00568727497011,-0.00778259942308,-0.00621736655012,-0.00216766865924,-0.00850496254861,0.38092687726,0.0,0.309939056635,0.234036237001,-0.179512739182,0.387403160334,-0.00708396779373,-0.00568727497011,0.309939056635,-0.234036237001,0.408903539181,0.0,0.0953010246158,0.428790777922,-0.00778259942308,0.00621736655012,-0.179512739182,-0.387403160334,0.0953010246158,-0.428790777922,0.488651812077,0.0
1625182242002190451,height,4,32,width,4,8,imag,2,2,0,0.00019565448747,0.0,-0.00224936101586,0.00818410329521,-0.00694733019918,0.00536942668259,-0.00737363100052,-0.00619408348575,-0.00224936101586,-0.00818410329521,0.373883873224,0.0,0.304489701986,0.229709804058,-0.178595274687,0.378846794367,-0.00694733019918,-0.00536942668259,0.304489701986,-0.229709804058,0.400843918324,0.0,0.0902202278376,0.421176284552,-0.00737363100052,0.00619408348575,-0.178595274687,-0.378846794367,0.0902202278376,-0.421176284552,0.479782491922,0.0
1625182242135675972,height,4,32,width,4,8,imag,2,2,0,0.000193697836949,0.0,-0.00235692108981,0.00817662570626,-0.00700234528631,0.00533984834328,-0.00735050346702,-0.00626364676282,-0.00235692108981,-0.00817662570626,0.379679650068,0.0,0.310033977032,0.231139749289,-0.179113343358,0.385976135731,-0.00700234528631,-0.00533984834328,0.310033977032,-0.231139749289,0.407461106777,0.0,0.0922085046768,0.427599668503,-0.00735050346702,0.00626364676282,-0.179113343358,-0.385976135731,0.0922085046768,-0.427599668503,0.486711025238,0.0
1625182242263889773,height,4,32,width,4,8,imag,2,2,0,0.000186481003766,0.0,-0.0023114529904,0.00799159612507,-0.00684406841174,0.00521183153614,-0.00711841415614,-0.00619670562446,-0.0023114529904,-0.00799159612507,0.376875966787,0.0,0.307896047831,0.229372575879,-0.181765705347,0.381353795528,-0.00684406841174,-0.00521183153614,0.307896047831,-0.229372575879,0.403785437346,0.0,0.0867372602224,0.425281524658,-0.00711841415614,0.00619670562446,-0.181765705347,-0.381353795528,0.0867372602224,-0.425281524658,0.483460783958,0.0
1625182242391617442,height,4,32,width,4,8,imag,2,2,0,0.000181365758181,0.0,-0.00236058956943,0.00789040792733,-0.00681622605771,0.00509794522077,-0.00700229639187,-0.00618769880384,-0.00236058956943,-0.00789040792733,0.379856795073,0.0,0.310181319714,0.230796277523,-0.182564467192,0.384614765644,-0.00681622605771,-0.00509794522077,0.310181319714,-0.230796277523,0.406549453735,0.0,0.0879115685821,0.428186267614,-0.00700229639187,0.00618769880384,-0.182564467192,-0.384614765644,0.0879115685821,-0.428186267614,0.487392455339,0.0
1625182242516655169,height,4,32,width,4,8,imag,2,2,0,0.000172950749402,0.0,-0.00245156697929,0.00762418098748,-0.00673854723573,0.00481910631061,-0.00667906412855,-0.00618160702288,-0.00245156697929,-0.00762418098748,0.376903474331,0.0,0.307777047157,0.229500293732,-0.182198494673,0.381394207478,-0.00673854723573,-0.00481910631061,0.307777047157,-0.229500293732,0.404182732105,0.0,0.0867013186216,0.425494968891,-0.00667906412855,0.00618160702288,-0.182198494673,-0.381394207478,0.0867013186216,-0.425494968891,0.48455837369,0.0
1625182242643531098,height,4,32,width,4,8,imag,2,2,0,0.000174622473423,0.0,-0.0023080999963,0.00770933600143,-0.00667586782947,0.00496677914634,-0.00683811027557,-0.00607915362343,-0.0023080999963,-0.00770933600143,0.376955807209,0.0,0.307383984327,0.229942813516,-0.182429999113,0.381909668446,-0.00667586782947,-0.00496677914634,0.307383984327,-0.229942813516,0.403817802668,0.0,0.0873871520162,0.425763696432,-0.00683811027557,0.00607915362343,-0.182429999113,-0.381909668446,0.0873871520162,-0.425763696432,0.485316067934,0.0
1625182242772357193,height,4,32,width,4,8,imag,2,2,0,0.000175751702045,0.0,-0.00184843176976,0.00786138232797,-0.00639167381451,0.00536960316822,-0.00715982960537,-0.00574281578884,-0.00184843176976,-0.00786138232797,0.376926392317,0.0,0.307451099157,0.230340898037,-0.185835972428,0.380041360855,-0.00639167381451,-0.00536960316822,0.307451099157,-0.230340898037,0.403418272734,0.0,0.083511069417,0.426434129477,-0.00715982960537,0.00574281578884,-0.185835972428,-0.380041360855,0.083511069417,-0.426434129477,0.484747290611,0.0
1625182242902948304,height,4,32,width,4,8,imag,2,2,0,0.000167419653735,0.0,-0.00185343588237,0.00765849836171,-0.00626844586805,0.00520570669323,-0.007020175457,-0.0055698598735,-0.00185343588237,-0.00765849836171,0.377289682627,0.0,0.307607471943,0.230067789555,-0.181676268578,0.382170110941,-0.00626844586805,-0.00520570669323,0.307607471943,-0.230067789555,0.404273480177,0.0,0.088268250227,0.425521910191,-0.007020175457,0.0055698598735,-0.181676268578,-0.382170110941,0.088268250227,-0.425521910191,0.485414683819,0.0
1625182243035155571,height,4,32,width,4,8,imag,2,2,0,4.01765282732e-05,0.0,-0.000467625330202,0.00185284065083,-0.00152033835184,0.00125100498553,-0.00168035610113,-0.00136809248943,-0.000467625330202,-0.00185284065083,0.0923035591841,0.0,0.07524009794,0.0556483305991,-0.0445770993829,0.093421690166,-0.00152033835184,-0.00125100498553,0.07524009794,-0.0556483305991,0.0981948748231,0.0,0.020750887692,0.103795774281,-0.00168035610113,0.00136809248943,-0.0445770993829,-0.093421690166,0.020750887692,-0.103795774281,0.118324026465,0.0
1625182243159077521,height,4,32,width,4,8,imag,2,2,0,4.17407832742e-08,0.0,-1.04638442355e-09,-2.3221797818e-09,-2.76415796918e-08,-5.47557910124e-09,-1.5694430644e-08,-9.036287274e-09,-1.04638442355e-09,2.3221797818e-09,3.96565064875e-06,0.0,3.43790844681e-08,-8.38026963379e-08,-3.27851878978e-09,-8.76330652488e-09,-2.76415796918e-08,5.47557910124e-09,3.43790844681e-08,8.38026963379e-08,4.61499075755e-06,0.0,3.40241768981e-07,8.67184724029e-08,-1.5694430644e-08,9.036287274e-09,-3.27851878978e-09,8.76330652488e-09,3.40241768981e-07,-8.67184724029e-08,5.30646730112e-06,0.0
1625182243281287531,height,4,32,width,4,8,imag,2,2,0,4.19159924547e-08,0.0,-3.04408187546e-09,-4.51266446433e-09,-2.62327173317e-08,-5.20375031954e-09,-1.60988982145e-08,-9.58902290904e-09,-3.04408187546e-09,4.51266446433e-09,3.98042357119e-06,0.0,8.1424438747e-08,-1.10247334817e-07,2.65983306491e-08,-1.11864295604e-08,-2.62327173317e-08,5.20375031954e-09,8.1424438747e-08,1.10247334817e-07,4.6488762564e-06,0.0,2.98285669942e-07,1.09347553234e-07,-1.60988982145e-08,9.58902290904e-09,2.65983306491e-08,1.11864295604e-08,2.98285669942e-07,-1.09347553234e-07,5.39613347428e-06,0.0
1625182243419539838,height,4,32,width,4,8,imag,2,2,0,4.1227622205e-08,0.0,1.22971843819e-09,-1.78733161604e-09,-2.5844054008e-08,-6.72477273866e-09,-1.25247723304e-08,-8.29729351892e-09,1.22971843819e-09,1.78733161604e-09,4.02233035857e-06,0.0,3.33974483624e-08,-1.2598987098e-07,4.2191089733e-08,2.61477470787e-08,-2.5844054008e-08,6.72477273866e-09,3.33974483624e-08,1.2598987098e-07,4.65180755782e-06,0.0,3.0789954053e-07,1.47817303287e-07,-1.25247723304e-08,8.29729351892e-09,4.2191089733e-08,-2.61477470787e-08,3.0789954053e-07,-1.47817303287e-07,5.32440162715e-06,0.0
1625182243548239501,height,4,32,width,4,8,imag,2,2,0,4.17154701893e-08,0.0,3.68413161089e-10,-5.08181141612e-09,-3.68617278923e-08,-9.02822083759e-09,-1.56147201835e-08,-1.24442838256e-08,3.68413161089e-10,5.08181141612e-09,3.96139103032e-06,0.0,5.89200901402e-08,-7.60518688026e-08,8.27544344162e-09,-2.1836292774e-08,-3.68617278923e-08,9.02822083759e-09,5.89200901402e-08,7.60518688026e-08,4.66103529106e-06,0.0,3.88258484918e-07,1.10156150868e-07,-1.56147201835e-08,1.24442838256e-08,8.27544344162e-09,2.1836292774e-08,3.88258484918e-07,-1.10156150868e-07,5.33424508831e-06,0.0
1625182243677191875,height,4,32,width,4,8,imag,2,2,0,4.20552765945e-08,0.0,2.00520711147e-10,-1.19254939257e-09,-2.9579791061e-08,-8.62902993504e-09,-1.53120947033e-08,-3.14095927045e-09,2.00520711147e-10,1.19254939257e-09,4.00377666665e-06,0.0,5.07900459468e-08,-1.12112232387e-07,1.10153610677e-08,-6.64016539531e-08,-2.9579791061e-08,8.62902993504e-09,5.07900459468e-08,1.12112232387e-07,4.58881413579e-06,0.0,3.02768171423e-07,6.51215259495e-08,-1.53120947033e-08,3.14095927045e-09,1.10153610677e-08,6.64016539531e-08,3.02768171423e-07,-6.51215259495e-08,5.43045234735e-06,0.0
1625182243806763829,height,4,32,width,4,8,imag,2,2,0,4.22903418951e-08,0.0,-3.65114538603e-09,-3.3904588026e-09,-2.8441027311e-08,-6.80437839407e-09,-1.66181202133e-08,-9.2465910484e-09,-3.65114538603e-09,3.3904588026e-09,3.96824134441e-06,0.0,6.47856666092e-08,-7.57414468922e-08,2.00928944594e-08,1.07123323545e-08,-2.8441027311e-08,6.80437839407e-09,6.47856666092e-08,7.57414468922e-08,4.64077629658e-06,0.0,3.09741523097e-07,1.22461045748e-07,-1.66181202133e-08,9.2465910484e-09,2.00928944594e-08,-1.07123323545e-08,3.09741523097e-07,-1.22461045748e-07,5.31880959898e-06,0.0
1625182243935889166,height,4,32,width,4,8,imag,2,2,0,4.11614564655e-08,0.0,-6.13695705365e-10,-3.85758669452e-09,-2.58971191158e-08,-7.83639197977e-09,-1.71126846027e-08,-8.62738680496e-09,-6.13695705365e-10,3.85758669452e-09,3.96262248614e-06,0.0,1.18084191314e-08,-1.10916396068e-07,1.55060000395e-08,-4.16722016894e-08,-2.58971191158e-08,7.83639197977e-09,1.18084191314e-08,1.10916396068e-07,4.64303457193e-06,0.0,3.42609268955e-07,1.14028907205e-07,-1.71126846027e-08,8.62738680496e-09,1.55060000395e-08,4.16722016894e-08,3.42609268955e-07,-1.14028907205e-07,5.29847648068e-06,0.0
1625182244065513345,height,4,32,width,4,8,imag,2,2,0,4.16353955757e-08,0.0,-7.96654131552e-10,-3.16693848923e-09,-2.75491700563e-08,-1.03931077078e-08,-1.34785222983e-08,-7.6503985369e-09,-7.96654131552e-10,3.16693848923e-09,3.98900010623e-06,0.0,7.60068274985e-08,-1.10138913101e-07,8.57353299466e-08,-1.44490455156e-08,-2.75491700563e-08,1.03931077078e-08,7.60068274985e-08,1.10138913101e-07,4.60598266727e-06,0.0,3.2032014019e-07,1.48323834992e-07,-1.34785222983e-08,7.6503985369e-09,8.57353299466e-08,1.44490455156e-08,3.2032014019e-07,-1.48323834992e-07,5.33134198122e-06,0.0
1625182244194754959,height,4,32,width,4,8,imag,2,2,0,4.21619859026e-08,0.0,3.43218875543e-09,-1.74610259585e-09,-2.7142528225e-08,-4.91963403348e-09,-1.13999174545e-08,-1.21182193169e-08,3.43218875543e-09,1.74610259585e-09,3.96001905756e-06,0.0,1.74868421965e-08,-8.90890277105e-08,3.42843797796e-08,-5.95441917994e-09,-2.7142528225e-08,4.91963403348e-09,1.74868421965e-08,8.90890277105e-08,4.52332051282e-06,0.0,3.20600179293e-07,9.98398235197e-08,-1.13999174545e-08,1.21182193169e-08,3.42843797796e-08,5.95441917994e-09,3.20600179293e-07,-9.98398235197e-08,5.34783157491e-06,0.0
1625182244324241538,height,4,32,width,4,8,imag,2,2,0,4.23100701141e-08,0.0,-5.48480372231e-10,-3.05080494201e-09,-2.80175154188e-08,-9.75542135961e-09,-9.14709286093e-09,-6.1190199574e-09,-5.48480372231e-10,3.05080494201e-09,3.9822502913e-06,0.0,3.32627116961e-08,-1.06312619153e-07,1.23807293306e-08,-7.18725168269e-09,-2.80175154188e-08,9.75542135961e-09,3.32627116961e-08,1.06312619153e-07,4.67823156214e-06,0.0,3.16334592299e-07,1.1906895736e-07,-9.14709286093e-09,6.1190199574e-09,1.23807293306e-08,7.18725168269e-09,3.16334592299e-07,-1.1906895736e-07,5.36675588592e-06,0.0
1625182244453151015,height,4,32,width,4,8,imag,2,2,0,4.12275653616e-08,0.0,5.09092545897e-10,-6.39738095831e-10,-2.77919145475e-08,-8.4713223103e-09,-1.68060019234e-08,-1.11078852782e-08,5.09092545897e-10,6.39738095831e-10,3.93860636905e-06,0.0,2.79146163962e-08,-1.16201938738e-07,-5.1033661741e-09,-1.64953330994e-08,-2.77919145475e-08,8.4713223103e-09,2.79146163962e-08,1.16201938738e-07,4.66061419502e-06,0.0,3.49281265244e-07,9.46988834016e-08,-1.68060019234e-08,1.11078852782e-08,-5.1033661741e-09,1.64953330994e-08,3.49281265244e-07,-9.46988834016e-08,5.35174922334e-06,0.0
1625182244582878259,height,4,32,width,4,8,imag,2,2,0,4.22343262585e-08,0.0,-2.15862261399e-09,-1.94124427644e-09,-2.77028746609e-08,-1.81289772083e-09,-1.2892542145e-08,-9.50948209066e-09,-2.15862261399e-09,1.94124427644e-09,3.96930226998e-06,0.0,5.00875678711e-08,-6.10069790241e-08,-4.46808701149e-10,-3.52969102835e-08,-2.77028746609e-08,1.81289772083e-09,5.00875678711e-08,6.10069790241e-08,4.66146047984e-06,0.0,3.28986118348e-07,1.43719603329e-07,-1.2892542145e-08,9.50948209066e-09,-4.46808701149e-10,3.52969102835e-08,3.28986118348e-07,-1.43719603329e-07,5.35343633601e-06,0.0
1625182244712410427,height,4,32,width,4,8,imag,2,2,0,4.1819205876e-08,0.0,2.47878872983e-09,-3.04828229325e-09,-2.48447342699e-08,-8.54478354739e-09,-1.43441134526e-08,-7.57442020216e-09,2.47878872983e-09,3.04828229325e-09,3.93120262743e-06,0.0,4.91033347316e-08,-1.10014731547e-07,7.25624005327e-08,-4.86260027799e-08,-2.48447342699e-08,8.54478354739e-09,4.91033347316e-08,1.10014731547e-07,4.63115748062e-06,0.0,2.93772444593e-07,1.31714656959e-07,-1.43441134526e-08,7.57442020216e-09,7.25624005327e-08,4.86260027799e-08,2.93772444593e-07,-1.31714656959e-07,5.32035255674e-06,0.0
1625182244842313177,height,4,32,width,4,8,imag,2,2,0,4.17267536079e-08,0.0,-2.18918855266e-10,-5.56888890557e-09,-2.74508913378e-08,-7.36592520312e-09,-1.61242699193e-08,-9.02105057321e-09,-2.18918855266e-10,5.56888890557e-09,3.95368124373e-06,0.0,5.08213311434e-08,-7.46348050029e-08,4.47672263704e-08,-2.22164988628e-08,-2.74508913378e-08,7.36592520312e-09,5.08213311434e-08,7.46348050029e-08,4.61474792246e-06,0.0,3.45741568708e-07,1.30297621581e-07,-1.61242699193e-08,9.02105057321e-09,4.47672263704e-08,2.22164988628e-08,3.45741568708e-07,-1.30297621581e-07,5.35856088391e-06,0.0
1625182244972055722,height,4,32,width,4,8,imag,2,2,0,4.16623961996e-08,0.0,3.31634231188e-09,-3.78676734414e-09,-2.48554492543e-08,-8.38556335481e-09,-1.61334607895e-08,-7.34640170919e-09,3.31634231188e-09,3.78676734414e-09,3.95615643356e-06,0.0,6.12954664803e-08,-1.29675044036e-07,6.55095844238e-09,-1.11173426021e-08,-2.48554492543e-08,8.38556335481e-09,6.12954664803e-08,1.29675044036e-07,4.6055833991e-06,0.0,3.40978687063e-07,1.06687416235e-07,-1.61334607895e-08,7.34640170919e-09,6.55095844238e-09,1.11173426021e-08,3.40978687063e-07,-1.06687416235e-07,5.3936923905e-06,0.0
1625182245102193934,height,4,32,width,4,8,imag,2,2,0,4.17058068081e-08,0.0,4.47303860618e-10,-3.10309400398e-09,-2.33561259222e-08,-3.33275140818e-09,-1.35731648143e-08,-1.10112701179e-08,4.47303860618e-10,3.10309400398e-09,4.00314866056e-06,0.0,-1.6759972965e-08,-7.34054381724e-08,2.67115520813e-08,-2.03184384873e-08,-2.33561259222e-08,3.33275140818e-09,-1.6759972965e-08,7.34054381724e-08,4.60924093204e-06,0.0,3.16853402182e-07,1.01293260002e-07,-1.35731648143e-08,1.10112701179e-08,2.67115520813e-08,2.03184384873e-08,3.16853402182e-07,-1.01293260002e-07,5.36747484148e-06,0.0
1625182245232134236,height,4,32,width,4,8,imag,2,2,0,4.15498462303e-08,0.0,-2.19295981374e-09,-2.90148349791e-09,-2.92632176269e-08,-9.19826792511e-09,-1.47790730765e-08,-1.14810907448e-08,-2.19295981374e-09,2.90148349791e-09,3.9706201278e-06,0.0,6.2238811438e-08,-1.01585371226e-07,1.10389519747e-08,-2.1914901005e-09,-2.92632176269e-08,9.19826792511e-09,6.2238811438e-08,1.01585371226e-07,4.68006874144e-06,0.0,3.57590977274e-07,1.28010086087e-07,-1.47790730765e-08,1.14810907448e-08,1.10389519747e-08,2.1914901005e-09,3.57590977274e-07,-1.28010086087e-07,5.32884041604e-06,0.0
1625182245362321900,height,4,32,width,4,8,imag,2,2,0,4.22306172254e-08,0.0,-1.04883590701e-09,-2.69707434164e-09,-2.85692678403e-08,-7.89888510155e-09,-1.31402684289e-08,-7.38935712619e-09,-1.04883590701e-09,2.69707434164e-09,3.95900406147e-06,0.0,5.32371089434e-08,-1.40777615343e-07,4.21200212486e-08,1.10415250276e-08,-2.85692678403e-08,7.89888510155e-09,5.32371089434e-08,1.40777615343e-07,4.70817394671e-06,0.0,2.94629444397e-07,7.9634006056e-08,-1.31402684289e-08,7.38935712619e-09,4.21200212486e-08,-1.10415250276e-08,2.94629444397e-07,-7.9634006056e-08,5.33994762009e-06,0.0
1625182245492413531,height,4,32,width,4,8,imag,2,2,0,4.13850855807e-08,0.0,8.99303242985e-10,3.83947595939e-10,-2.96286053469e-08,-1.09776783219e-08,-1.18798881843e-08,-5.44579625839e-09,8.99303242985e-10,-3.83947595939e-10,3.97513667849e-06,0.0,5.9992416368e-08,-9.56972172617e-08,3.51512525754e-08,-2.24549232541e-08,-2.96286053469e-08,1.09776783219e-08,5.9992416368e-08,9.56972172617e-08,4.69481938126e-06,0.0,3.28363313429e-07,1.42601578546e-07,-1.18798881843e-08,5.44579625839e-09,3.51512525754e-08,2.24549232541e-08,3.28363313429e-07,-1.42601578546e-07,5.33535057912e-06,0.0
1625182245622980741,height,4,32,width,4,8,imag,2,2,0,4.16311891627e-08,0.0,-2.63439914328e-09,-4.18119894263e-09,-2.93949913299e-08,-6.91881085757e-09,-1.60052948672e-08,-6.21334184103e-09,-2.63439914328e-09,4.18119894263e-09,3.9594028749e-06,0.0,3.58322793659e-08,-1.14172529209e-07,5.42242091228e-08,-2.23867964166e-08,-2.93949913299e-08,6.91881085757e-09,3.58322793659e-08,1.14172529209e-07,4.64182494397e-06,0.0,2.85635934461e-07,1.18855204789e-07,-1.60052948672e-08,6.21334184103e-09,5.42242091228e-08,2.23867964166e-08,2.85635934461e-07,-1.18855204789e-07,5.33897309651e-06,0.0
1625182245753134689,height,4,32,width,4,8,imag,2,2,0,4.14306136065e-08,0.0,-3.80052567195e-09,-4.6735766368e-09,-3.00297884337e-08,-7.90889220781e-09,-1.72526046782e-08,-1.05039221765e-08,-3.80052567195e-09,4.6735766368e-09,3.94644530388e-06,0.0,3.94978130203e-08,-8.68819398647e-08,6.4011338452e-08,-1.21886367666e-09,-3.00297884337e-08,7.90889220781e-09,3.94978130203e-08,8.68819398647e-08,4.59097100247e-06,0.0,3.0857489719e-07,1.57167249881e-07,-1.72526046782e-08,1.05039221765e-08,6.4011338452e-08,1.21886367666e-09,3.0857489719e-07,-1.57167249881e-07,5.40343535249e-06,0.0
1625182245883488517,height,4,32,width,4,8,imag,2,2,0,4.16906544842e-08,0.0,1.62229740752e-09,-3.18633408547e-09,-3.00996347846e-08,-4.34171765207e-09,-1.33868116592e-08,-6.62357191317e-09,1.62229740752e-09,3.18633408547e-09,3.98491420128e-06,0.0,4.51243380439e-08,-1.78513754889e-08,3.75588316004e-09,-2.60610644176e-10,-3.00996347846e-08,4.34171765207e-09,4.51243380439e-08,1.78513754889e-08,4.60030742033e-06,0.0,3.00184353819e-07,6.79175755636e-08,-1.33868116592e-08,6.62357191317e-09,3.75588316004e-09,2.60610644176e-10,3.00184353819e-07,-6.79175755636e-08,5.33520551471e-06,0.0
1625182246013914183,height,4,32,width,4,8,imag,2,2,0,4.15167100698e-08,0.0,-4.01203381628e-09,-1.11216358345e-09,-2.63144261936e-08,-1.02968664706e-08,-1.01138395436e-08,-1.33489024279e-08,-4.01203381628e-09,1.11216358345e-09,3.98302154281e-06,0.0,7.03316942463e-08,-9.26187553318e-08,3.16593542493e-08,-9.10343711524e-09,-2.63144261936e-08,1.02968664706e-08,7.03316942463e-08,9.26187553318e-08,4.62048137706e-06,0.0,2.87597885062e-07,1.16371964509e-07,-1.01138395436e-08,1.33489024279e-08,3.16593542493e-08,9.10343711524e-09,2.87597885062e-07,-1.16371964509e-07,5.35584149475e-06,0.0
1625182246144527273,height,4,32,width,4,8,imag,2,2,0,1.31929364215e-05,0.0,-0.000169979801285,0.000592747004703,-0.000509019766469,0.000389031454688,-0.000479934737086,-0.000514838262461,-0.000169979801285,-0.000592747004703,0.0293280277401,0.0,0.023981500417,0.0178609546274,-0.0172489136457,0.0283201113343,-0.000509019766469,-0.000389031454688,0.023981500417,-0.0178609546274,0.0317721813917,0.0,0.00340042146854,0.0339149236679,-0.000479934737086,0.000514838262461,-0.0172489136457,-0.0283201113343,0.00340042146854,-0.0339149236679,0.0379425995052,0.0
1625182246241495913,height,4,32,width,4,8,imag,2,2,0,0.000181686715223,0.0,-0.00260905991308,0.00778694404289,-0.00694591412321,0.00489324983209,-0.00675405282527,-0.00645254133269,-0.00260905991308,-0.00778694404289,0.376888334751,0.0,0.309328347445,0.228085011244,-0.183785304427,0.381427198648,-0.00694591412321,-0.00489324983209,0.309328347445,-0.228085011244,0.404212296009,0.0,0.0829921811819,0.427051365376,-0.00675405282527,0.00645254133269,-0.183785304427,-0.381427198648,0.0829921811819,-0.427051365376,0.4860689044,0.0
1625182246332522295,height,4,32,width,4,8,imag,2,2,0,0.000180716611794,0.0,-0.00265839509666,0.00776863051578,-0.00700651295483,0.00482837622985,-0.00675586657599,-0.00644718995318,-0.00265839509666,-0.00776863051578,0.378564596176,0.0,0.310129284859,0.230643451214,-0.182076931,0.38481476903,-0.00700651295483,-0.00482837622985,0.310129284859,-0.230643451214,0.407398223877,0.0,0.0884900838137,0.429143130779,-0.00675586657599,0.00644718995318,-0.182076931,-0.38481476903,0.0884900838137,-0.429143130779,0.48843935132,0.0
1625182246487387235,height,4,32,width,4,8,imag,2,2,0,0.000172939195181,0.0,-0.00262637808919,0.0075672972016,-0.00682121142745,0.00469197472557,-0.0064743263647,-0.00639189919457,-0.00262637808919,-0.0075672972016,0.376691162586,0.0,0.308721870184,0.227890580893,-0.18572498858,0.379973232746,-0.00682121142745,-0.00469197472557,0.308721870184,-0.227890580893,0.403188109398,0.0,0.0805080905557,0.426584094763,-0.0064743263647,0.00639189919457,-0.18572498858,-0.379973232746,0.0805080905557,-0.426584094763,0.484527796507,0.0
1625182246610018693,height,4,32,width,4,8,imag,2,2,0,0.000171274979948,0.0,-0.00259712245315,0.00756575772539,-0.00680922996253,0.00470567913726,-0.00654139136896,-0.00631677638739,-0.00259712245315,-0.00756575772539,0.379379957914,0.0,0.310465097427,0.229857176542,-0.184092789888,0.384371906519,-0.00680922996253,-0.00470567913726,0.310465097427,-0.229857176542,0.407136648893,0.0,0.0856616795063,0.429311990738,-0.00654139136896,0.00631677638739,-0.184092789888,-0.384371906519,0.0856616795063,-0.429311990738,0.488455653191,0.0
1625182246736526820,height,4,32,width,4,8,imag,2,2,0,0.000172682877746,0.0,-0.00232703611255,0.00764995580539,-0.00666328892112,0.0049197813496,-0.0066594206728,-0.00619014445692,-0.00232703611255,-0.00764995580539,0.376112282276,0.0,0.307563394308,0.229618757963,-0.189138382673,0.378163665533,-0.00666328892112,-0.0049197813496,0.307563394308,-0.229618757963,0.404408276081,0.0,0.0791832283139,0.427553981543,-0.0066594206728,0.00619014445692,-0.189138382673,-0.378163665533,0.0791832283139,-0.427553981543,0.484968572855,0.0
1625182246865635868,height,4,32,width,4,8,imag,2,2,0,0.000176361572812,0.0,-0.00246464810334,0.00768247479573,-0.00678707892075,0.00485912337899,-0.00670981733128,-0.00626801513135,-0.00246464810334,-0.00768247479573,0.374998301268,0.0,0.306615322828,0.228594377637,-0.183725208044,0.379059672356,-0.00678707892075,-0.00485912337899,0.306615322828,-0.228594377637,0.402177482843,0.0,0.0839067772031,0.424754828215,-0.00670981733128,0.00626801513135,-0.183725208044,-0.379059672356,0.0839067772031,-0.424754828215,0.484078526497,0.0
1625182246992302198,height,4,32,width,4,8,imag,2,2,0,0.000178067290108,0.0,-0.00261814263649,0.00770743284374,-0.00691664637998,0.00482383370399,-0.00668550282717,-0.00639699678868,-0.00261814263649,-0.00770743284374,0.377786308527,0.0,0.309907704592,0.228892475367,-0.182926341891,0.382958650589,-0.00691664637998,-0.00482383370399,0.309907704592,-0.228892475367,0.406320333481,0.0,0.0852733105421,0.428085625172,-0.00668550282717,0.00639699678868,-0.182926341891,-0.382958650589,0.0852733105421,-0.428085625172,0.486689835787,0.0
1625182247121827902,height,4,32,width,4,8,imag,2,2,0,0.000173629014171,0.0,-0.00264994543977,0.00758416391909,-0.00684179877862,0.00472685322165,-0.00650018407032,-0.00642795488238,-0.00264994543977,-0.00758416391909,0.377647161484,0.0,0.310796320438,0.227354571223,-0.185640439391,0.381402254105,-0.00684179877862,-0.00472685322165,0.310796320438,-0.227354571223,0.405461192131,0.0,0.0799537971616,0.428567260504,-0.00650018407032,0.00642795488238,-0.185640439391,-0.381402254105,0.0799537971616,-0.428567260504,0.486511409283,0.0
1625182247248320415,height,4,32,width,4,8,imag,2,2,0,0.000173729102244,0.0,-0.00268104206771,0.0075516672805,-0.00685415090993,0.00465607224032,-0.00644661160186,-0.00643224548548,-0.00268104206771,-0.0075516672805,0.375398367643,0.0,0.308093726635,0.226770758629,-0.184405907989,0.378738194704,-0.00685415090993,-0.00465607224032,0.308093726635,-0.226770758629,0.402161329985,0.0,0.0803654789925,0.425035059452,-0.00644661160186,0.00643224548548,-0.184405907989,-0.378738194704,0.0803654789925,-0.425035059452,0.48331540823,0.0
1625182247380753561,height,4,32,width,4,8,imag,2,2,0,0.000120571094158,0.0,-0.00187767460011,0.00520047079772,-0.0047266324982,0.00321276998147,-0.00442371657118,-0.00444595515728,-0.00187767460011,-0.00520047079772,0.257408171892,0.0,0.211797863245,0.154084071517,-0.125825107098,0.259748399258,-0.0047266324982,-0.00321276998147,0.211797863245,-0.154084071517,0.275653988123,0.0,0.0541255325079,0.291142731905,-0.00442371657118,0.00444595515728,-0.125825107098,-0.259748399258,0.0541255325079,-0.291142731905,0.330302894115,0.0
1625182247511164366,height,4,32,width,4,8,imag,2,2,0,4.14386747138e-08,0.0,1.07820352646e-09,-1.18532006432e-09,-2.90888451104e-08,-7.64723662172e-09,-1.29738397803e-08,-9.24595333629e-09,1.07820352646e-09,1.18532006432e-09,3.9890737753e-06,0.0,5.57278490021e-08,-1.2082503531e-07,4.49439632177e-08,-5.27373913428e-08,-2.90888451104e-08,7.64723662172e-09,5.57278490021e-08,1.2082503531e-07,4.63059041067e-06,0.0,3.07550465095e-07,1.42799564173e-07,-1.29738397803e-08,9.24595333629e-09,4.49439632177e-08,5.27373913428e-08,3.07550465095e-07,-1.42799564173e-07,5.30191800863e-06,0.0
1625182247634862491,height,4,32,width,4,8,imag,2,2,0,4.20165413573e-08,0.0,-4.06899980376e-09,-2.0221972985e-09,-2.97001232497e-08,-7.07835656755e-09,-1.33754722853e-08,-7.55540252584e-09,-4.06899980376e-09,2.0221972985e-09,3.97459871238e-06,0.0,3.73037245538e-08,-1.0278020568e-07,2.96671522904e-08,-5.56057884182e-08,-2.97001232497e-08,7.07835656755e-09,3.73037245538e-08,1.0278020568e-07,4.61238141725e-06,0.0,3.40451805414e-07,1.05527803385e-07,-1.33754722853e-08,7.55540252584e-09,2.96671522904e-08,5.56057884182e-08,3.40451805414e-07,-1.05527803385e-07,5.36263542017e-06,0.0
1625182247760685116,height,4,32,width,4,8,imag,2,2,0,4.17453911439e-08,0.0,-1.02422417769e-10,-8.34914748449e-10,-3.0696288178e-08,-1.08150768341e-08,-1.74447531975e-08,-8.06966937716e-09,-1.02422417769e-10,8.34914748449e-10,3.89712613469e-06,0.0,8.00215982366e-09,-8.58440998286e-08,2.86399277627e-08,6.97011914852e-09,-3.0696288178e-08,1.08150768341e-08,8.00215982366e-09,8.58440998286e-08,4.66067513116e-06,0.0,2.68825147032e-07,1.14399725248e-07,-1.74447531975e-08,8.06966937716e-09,2.86399277627e-08,-6.97011914852e-09,2.68825147032e-07,-1.14399725248e-07,5.32943431608e-06,0.0
1625182247890178057,height,4,32,width,4,8,imag,2,2,0,4.17932994878e-08,0.0,1.8114708622e-09,-3.45532824575e-09,-2.84770571568e-08,-6.78206824034e-09,-1.79078831763e-08,-1.16538307893e-08,1.8114708622e-09,3.45532824575e-09,3.99087593905e-06,0.0,-2.38146551368e-08,-7.13255090545e-08,-4.71967842586e-09,-6.24930152071e-08,-2.84770571568e-08,6.78206824034e-09,-2.38146551368e-08,7.13255090545e-08,4.63372680315e-06,0.0,3.68629940795e-07,1.39754618544e-07,-1.79078831763e-08,1.16538307893e-08,-4.71967842586e-09,6.24930152071e-08,3.68629940795e-07,-1.39754618544e-07,5.35543131264e-06,0.0
1625182248022663357,height,4,32,width,4,8,imag,2,2,0,4.22684962587e-08,0.0,6.87532697441e-10,-3.54666562785e-09,-3.11652641471e-08,-7.45205941399e-09,-1.44398750734e-08,-6.25126705955e-09,6.87532697441e-10,3.54666562785e-09,3.96606947106e-06,0.0,6.66591262188e-08,-1.30045691549e-07,1.69335407918e-08,-9.98641702665e-09,-3.11652641471e-08,7.45205941399e-09,6.66591262188e-08,1.30045691549e-07,4.63756896352e-06,0.0,3.55650655592e-07,1.2421732265e-07,-1.44398750734e-08,6.25126705955e-09,1.69335407918e-08,9.98641702665e-09,3.55650655592e-07,-1.2421732265e-07,5.33048796569e-06,0.0
1625182248145746699,height,4,32,width,4,8,imag,2,2,0,4.20443519999e-08,0.0,-2.35619923572e-09,-2.25930518738e-09,-2.88373822599e-08,-6.45635322982e-09,-1.66818434622e-08,-1.02051620487e-08,-2.35619923572e-09,2.25930518738e-09,3.99763484893e-06,0.0,9.49562117825e-09,-1.33459295171e-07,-2.06399803915e-08,-1.15357172703e-08,-2.88373822599e-08,6.45635322982e-09,9.49562117825e-09,1.33459295171e-07,4.63105607196e-06,0.0,3.3805869748e-07,5.44707141614e-08,-1.66818434622e-08,1.02051620487e-08,-2.06399803915e-08,1.15357172703e-08,3.3805869748e-07,-5.44707141614e-08,5.33490083399e-06,0.0
1625182248275781275,height,4,32,width,4,8,imag,2,2,0,4.1894125502e-08,0.0,2.59360644073e-09,-1.50826962031e-09,-2.77338347843e-08,-8.13648526332e-09,-1.59468083183e-08,-1.04330686312e-08,2.59360644073e-09,1.50826962031e-09,3.95801498598e-06,0.0,2.63541064527e-08,-1.26286877844e-07,2.76313780745e-08,-3.97088406601e-09,-2.77338347843e-08,8.13648526332e-09,2.63541064527e-08,1.26286877844e-07,4.6354607548e-06,0.0,3.08716806785e-07,1.16640890724e-07,-1.59468083183e-08,1.04330686312e-08,2.76313780745e-08,3.97088406601e-09,3.08716806785e-07,-1.16640890724e-07,5.40749715583e-06,0.0
1625182248416719038,height,4,32,width,4,8,imag,2,2,0,4.16209147147e-08,0.0,3.22475779413e-09,-4.37786606966e-09,-2.60767603066e-08,-6.84833523223e-09,-1.67287836916e-08,-9.02262531355e-09,3.22475779413e-09,4.37786606966e-09,3.94465905629e-06,0.0,4.21213286472e-08,-7.89060266015e-08,8.74772609905e-09,-1.00440313844e-08,-2.60767603066e-08,6.84833523223e-09,4.21213286472e-08,7.89060266015e-08,4.60068667962e-06,0.0,3.42967382494e-07,1.34960899345e-07,-1.67287836916e-08,9.02262531355e-09,8.74772609905e-09,1.00440313844e-08,3.42967382494e-07,-1.34960899345e-07,5.37755067853e-06,0.0
1625182248545377915,height,4,32,width,4,8,imag,2,2,0,4.17644194783e-08,0.0,8.69615879306e-10,-4.73778127841e-09,-2.85197128136e-08,-8.57683879474e-09,-1.17934417787e-08,-4.78753259259e-09,8.69615879306e-10,4.73778127841e-09,4.01951092499e-06,0.0,1.75605716635e-08,-1.38155797913e-07,1.42692746508e-08,-4.12432257235e-08,-2.85197128136e-08,8.57683879474e-09,1.75605716635e-08,1.38155797913e-07,4.57676469523e-06,0.0,3.02214516523e-07,1.56396822604e-07,-1.17934417787e-08,4.78753259259e-09,1.42692746508e-08,4.12432257235e-08,3.02214516523e-07,-1.56396822604e-07,5.37170990356e-06,0.0
1625182248675125692,height,4,32,width,4,8,imag,2,2,0,4.15713756752e-08,0.0,1.48354895035e-09,-3.93485111161e-09,-2.70251803158e-08,-9.23397358576e-09,-1.57696291581e-08,-1.00131769543e-08,1.48354895035e-09,3.93485111161e-09,3.94320886699e-06,0.0,2.80203718006e-08,-7.96507890755e-08,2.53596255106e-08,1.62655613423e-08,-2.70251803158e-08,9.23397358576e-09,2.80203718006e-08,7.96507890755e-08,4.6157201723e-06,0.0,3.21016131011e-07,1.2475020128e-07,-1.57696291581e-08,1.00131769543e-08,2.53596255106e-08,-1.62655613423e-08,3.21016131011e-07,-1.2475020128e-07,5.34401715413e-06,0.0
1625182248804528406,height,4,32,width,4,8,imag,2,2,0,4.17976906419e-08,0.0,-2.37686514915e-09,-1.43190614921e-09,-2.75954104012e-08,-6.048489265e-09,-1.5010320098e-08,-7.14058012719e-09,-2.37686514915e-09,1.43190614921e-09,3.95192500946e-06,0.0,3.47866375705e-08,-7.4566372632e-08,1.4470298737e-08,-2.53783287718e-08,-2.75954104012e-08,6.048489265e-09,3.47866375705e-08,7.4566372632e-08,4.66735627924e-06,0.0,2.86049044007e-07,1.5075158899e-07,-1.5010320098e-08,7.14058012719e-09,1.4470298737e-08,2.53783287718e-08,2.86049044007e-07,-1.5075158899e-07,5.28139753442e-06,0.0
1625182248934836628,height,4,32,width,4,8,imag,2,2,0,4.20134966816e-08,0.0,9.38451094612e-10,-6.93829571574e-09,-2.67719997282e-08,-6.57825705019e-09,-1.04840696125e-08,-9.97945281966e-09,9.38451094612e-10,6.93829571574e-09,3.95858523916e-06,0.0,2.57202898979e-08,-1.04231013154e-07,3.89913239474e-08,-2.86330017474e-08,-2.67719997282e-08,6.57825705019e-09,2.57202898979e-08,1.04231013154e-07,4.63866899736e-06,0.0,2.787209894e-07,8.17419802956e-08,-1.04840696125e-08,9.97945281966e-09,3.89913239474e-08,2.86330017474e-08,2.787209894e-07,-8.17419802956e-08,5.35556591785e-06,0.0
1625182249064261998,height,4,32,width,4,8,imag,2,2,0,4.14012717442e-08,0.0,-5.11516784485e-09,-4.65957450402e-09,-2.77748277711e-08,-5.19319875991e-09,-1.51925672043e-08,-7.21720860852e-09,-5.11516784485e-09,4.65957450402e-09,3.95969937017e-06,0.0,4.15491783201e-08,-8.72583925116e-08,6.20992102185e-09,-7.38559862157e-08,-2.77748277711e-08,5.19319875991e-09,4.15491783201e-08,8.72583925116e-08,4.64088998342e-06,0.0,3.00305515566e-07,9.19567639812e-08,-1.51925672043e-08,7.21720860852e-09,6.20992102185e-09,7.38559862157e-08,3.00305515566e-07,-9.19567639812e-08,5.31589921593e-06,0.0
1625182249194540779,height,4,32,width,4,8,imag,2,2,0,4.17290948462e-08,0.0,-1.27904242753e-09,-4.37248015572e-09,-2.78632441564e-08,-8.72720917755e-09,-1.59665276556e-08,-7.91106202769e-09,-1.27904242753e-09,4.37248015572e-09,3.97855319534e-06,0.0,-2.86384000958e-08,-7.0712317779e-08,3.01645641798e-08,-4.64400500277e-08,-2.78632441564e-08,8.72720917755e-09,-2.86384000958e-08,7.0712317779e-08,4.56940369986e-06,0.0,2.82447160771e-07,5.6875144594e-08,-1.59665276556e-08,7.91106202769e-09,3.01645641798e-08,4.64400500277e-08,2.82447160771e-07,-5.6875144594e-08,5.29585622644e-06,0.0
1625182249324362226,height,4,32,width,4,8,imag,2,2,0,4.15431635759e-08,0.0,1.18662946136e-09,-5.51563017481e-09,-2.90175883322e-08,-7.15153714026e-09,-1.76782926076e-08,-8.77471695304e-09,1.18662946136e-09,5.51563017481e-09,3.94154585592e-06,0.0,6.70229454158e-08,-9.26081327179e-08,1.85842108369e-09,-2.72013389591e-09,-2.90175883322e-08,7.15153714026e-09,6.70229454158e-08,9.26081327179e-08,4.62507932752e-06,0.0,3.70747130773e-07,8.73037322435e-08,-1.76782926076e-08,8.77471695304e-09,1.85842108369e-09,2.72013389591e-09,3.70747130773e-07,-8.73037322435e-08,5.33598358743e-06,0.0
1625182249454405558,height,4,32,width,4,8,imag,2,2,0,4.1770366721e-08,0.0,-1.2213653422e-09,-1.16423437557e-09,-3.13940375918e-08,-9.06391850464e-09,-1.6995926444e-08,-9.90995108197e-09,-1.2213653422e-09,1.16423437557e-09,3.97889925807e-06,0.0,5.57015304992e-08,-1.17403232025e-07,-9.43372135964e-09,-2.77440825869e-08,-3.13940375918e-08,9.06391850464e-09,5.57015304992e-08,1.17403232025e-07,4.69302449346e-06,0.0,3.94866873421e-07,1.11276946768e-07,-1.6995926444e-08,9.90995108197e-09,-9.43372135964e-09,2.77440825869e-08,3.94866873421e-07,-1.11276946768e-07,5.34055789103e-06,0.0
1625182249584525603,height,4,32,width,4,8,imag,2,2,0,4.16030125905e-08,0.0,7.17700454622e-10,9.33457755536e-10,-2.66001460858e-08,-6.28718233031e-09,-1.03314778954e-08,-6.17512041501e-09,7.17700454622e-10,-9.33457755536e-10,3.94688686356e-06,0.0,2.3423039508e-08,-9.07586752419e-08,-2.65364654695e-08,-3.70213477652e-08,-2.66001460858e-08,6.28718233031e-09,2.3423039508e-08,9.07586752419e-08,4.62343223262e-06,0.0,2.98061650028e-07,6.85993271077e-08,-1.03314778954e-08,6.17512041501e-09,-2.65364654695e-08,3.70213477652e-08,2.98061650028e-07,-6.85993271077e-08,5.31993282493e-06,0.0
1625182249715143921,height,4,32,width,4,8,imag,2,2,0,4.20880823526e-08,0.0,3.39864247856e-10,-1.92599647342e-09,-2.68399222847e-08,-8.78887185252e-09,-1.2270348293e-08,-9.49376222081e-09,3.39864247856e-10,1.92599647342e-09,3.95677307097e-06,0.0,8.11936686773e-08,-6.16082900251e-08,3.12567549621e-09,-3.98543100744e-08,-2.68399222847e-08,8.78887185252e-09,8.11936686773e-08,6.16082900251e-08,4.60169667349e-06,0.0,2.97046881315e-07,1.37779707643e-07,-1.2270348293e-08,9.49376222081e-09,3.12567549621e-09,3.98543100744e-08,2.97046881315e-07,-1.37779707643e-07,5.32166632183e-06,0.0
1625182249845221774,height,4,32,width,4,8,imag,2,2,0,4.20733456963e-08,0.0,2.57396465253e-10,-1.66333291585e-09,-2.79862426567e-08,-6.60354926296e-09,-1.63157949373e-08,-6.32332541883e-09,2.57396465253e-10,1.66333291585e-09,3.99503733206e-06,0.0,3.45902151366e-08,-9.13969202543e-08,8.80817818683e-09,2.7199611452e-08,-2.79862426567e-08,6.60354926296e-09,3.45902151366e-08,9.13969202543e-08,4.65972016173e-06,0.0,3.45084941955e-07,7.54276356929e-08,-1.63157949373e-08,6.32332541883e-09,8.80817818683e-09,-2.7199611452e-08,3.45084941955e-07,-7.54276356929e-08,5.3586559261e-06,0.0
1625182249975831596,height,4,32,width,4,8,imag,2,2,0,4.16243040036e-08,0.0,4.93627527742e-10,-2.80626390181e-11,-3.01103391109e-08,-8.55306492298e-09,-1.51682737481e-08,-1.36074884693e-08,4.93627527742e-10,2.80626390181e-11,4.01268925998e-06,0.0,-5.23604104519e-10,-1.08742099769e-07,-1.95750136101e-08,-2.82549428299e-09,-3.01103391109e-08,8.55306492298e-09,-5.23604104519e-10,1.08742099769e-07,4.63112837679e-06,0.0,3.12802939106e-07,8.44528003086e-08,-1.51682737481e-08,1.36074884693e-08,-1.95750136101e-08,2.82549428299e-09,3.12802939106e-07,-8.44528003086e-08,5.38172162123e-06,0.0
1625182250105924841,height,4,32,width,4,8,imag,2,2,0,4.21153352193e-08,0.0,1.05547892648e-09,-4.86138906908e-09,-2.80850507295e-08,-1.1239234432e-08,-1.75613266151e-08,-8.10074851643e-09,1.05547892648e-09,4.86138906908e-09,3.97754683945e-06,0.0,7.27108995235e-09,-9.26449814642e-08,-9.05224961656e-09,-6.17638349354e-08,-2.80850507295e-08,1.1239234432e-08,7.27108995235e-09,9.26449814642e-08,4.60906812805e-06,0.0,3.18745435379e-07,9.01643133489e-08,-1.75613266151e-08,8.10074851643e-09,-9.05224961656e-09,6.17638349354e-08,3.18745435379e-07,-9.01643133489e-08,5.38670292372e-06,0.0
1625182250236480118,height,4,32,width,4,8,imag,2,2,0,4.19222629944e-08,0.0,-2.35265806836e-09,-4.38275504777e-09,-2.84760606206e-08,-5.80578340958e-09,-1.879192979e-08,-5.24287058212e-09,-2.35265806836e-09,4.38275504777e-09,4.01518082072e-06,0.0,3.29158140744e-08,-8.20740737595e-08,5.11842053186e-08,-3.9410004149e-08,-2.84760606206e-08,5.80578340958e-09,3.29158140744e-08,8.20740737595e-08,4.56824363937e-06,0.0,3.64102675121e-07,1.21144353216e-07,-1.879192979e-08,5.24287058212e-09,5.11842053186e-08,3.9410004149e-08,3.64102675121e-07,-1.21144353216e-07,5.36210336577e-06,0.0
1625182250366527096,height,4,32,width,4,8,imag,2,2,0,4.1565769493e-08,0.0,3.10619863164e-09,-1.21217713644e-09,-2.94283033497e-08,-6.78956491029e-09,-1.40044331687e-08,-1.04878425944e-08,3.10619863164e-09,1.21217713644e-09,3.96944506065e-06,0.0,7.54594680075e-08,-6.01345320206e-08,5.94640309215e-11,2.39505371091e-09,-2.94283033497e-08,6.78956491029e-09,7.54594680075e-08,6.01345320206e-08,4.64401864519e-06,0.0,3.60211686257e-07,9.04602259766e-08,-1.40044331687e-08,1.04878425944e-08,5.94640309215e-11,-2.39505371091e-09,3.60211686257e-07,-9.04602259766e-08,5.32630383532e-06,0.0
1625182250497090832,height,4,32,width,4,8,imag,2,2,0,4.20241086374e-08,0.0,2.23561458235e-09,-4.64473348671e-09,-3.41679324833e-08,-1.12580371692e-08,-1.05570814313e-08,-1.17158700519e-08,2.23561458235e-09,4.64473348671e-09,3.91646926801e-06,0.0,1.60334003851e-08,-6.55973479979e-08,2.80844165701e-08,-2.40664554951e-08,-3.41679324833e-08,1.12580371692e-08,1.60334003851e-08,6.55973479979e-08,4.65185803478e-06,0.0,3.29012578959e-07,1.05234462922e-07,-1.05570814313e-08,1.17158700519e-08,2.80844165701e-08,2.40664554951e-08,3.29012578959e-07,-1.05234462922e-07,5.41811141375e-06,0.0
1625182250627302324,height,4,32,width,4,8,imag,2,2,0,4.16710435047e-08,0.0,-6.18324769164e-09,-4.71772665378e-09,-3.03297476023e-08,-7.48428963249e-09,-1.48001602085e-08,-6.11380768234e-09,-6.18324769164e-09,4.71772665378e-09,3.97007715947e-06,0.0,3.93853767378e-08,-1.17155138923e-07,2.87801835697e-08,-2.10780903842e-08,-3.03297476023e-08,7.48428963249e-09,3.93853767378e-08,1.17155138923e-07,4.65134007754e-06,0.0,3.33485900228e-07,1.09313056385e-07,-1.48001602085e-08,6.11380768234e-09,2.87801835697e-08,2.10780903842e-08,3.33485900228e-07,-1.09313056385e-07,5.37444157089e-06,0.0
1625182250757928655,height,4,32,width,4,8,imag,2,2,0,4.21278382419e-05,0.0,0.00327375624329,-0.00156800518744,0.00372595945373,0.000380132056307,0.000283672008663,0.00412902235985,0.00327375624329,0.00156800518744,0.323062300682,0.0,0.279792904854,0.170554727316,-0.131464064121,0.335660248995,0.00372595945373,-0.000380132056307,0.279792904854,-0.170554727316,0.344389557838,0.0,0.0677000135183,0.363485276699,0.000283672008663,-0.00412902235985,-0.131464064121,-0.335660248995,0.0677000135183,-0.363485276699,0.412278205156,0.0
1625182250888075741,height,4,32,width,4,8,imag,2,2,0,5.45732291357e-05,0.0,0.00393568724394,-0.00212628906593,0.00459846714512,0.000240952562308,0.000710276246537,0.00505177071318,0.00393568724394,0.00212628906593,0.381084024906,0.0,0.329914718866,0.20099554956,-0.146261319518,0.399878442287,0.00459846714512,-0.000240952562308,0.329914718866,-0.20099554956,0.404357433319,0.0,0.0890532582998,0.426811277866,0.000710276246537,-0.00505177071318,-0.146261319518,-0.399878442287,0.0890532582998,-0.426811277866,0.487191557884,0.0
1625182251018650970,height,4,32,width,4,8,imag,2,2,0,0.000127186067402,0.0,0.00633489293978,-0.00257102865726,0.00696358177811,0.00110028882045,0.000137004521093,0.00773128401488,0.00633489293978,0.00257102865726,0.382791161537,0.0,0.332588851452,0.199989050627,-0.152778893709,0.396788090467,0.00696358177811,-0.00110028882045,0.332588851452,-0.199989050627,0.40754532814,0.0,0.0794550850987,0.428696960211,0.000137004521093,-0.00773128401488,-0.152778893709,-0.396788090467,0.0794550850987,-0.428696960211,0.483800888062,0.0
1625182251149079879,height,4,32,width,4,8,imag,2,2,0,0.000223978291615,0.0,0.00885041058064,0.000877506448887,0.0072077633813,0.00559523329139,-0.00520745385438,0.00825199112296,0.00885041058064,-0.000877506448887,0.381066560745,0.0,0.326780587435,0.205136686563,-0.186194851995,0.372519046068,0.0072077633813,-0.00559523329139,0.326780587435,-0.205136686563,0.404344975948,0.0,0.0433549918234,0.424001187086,-0.00520745385438,-0.00825199112296,-0.186194851995,-0.372519046068,0.0433549918234,-0.424001187086,0.466498494148,0.0
1625182251279934283,height,4,32,width,4,8,imag,2,2,0,8.03000439191e-05,0.0,0.00153525581118,0.00329943350516,-0.000635194825009,0.00370747735724,-0.0041089928709,-0.000775853986852,0.00153525581118,-0.00329943350516,0.378922015429,0.0,0.318727850914,0.215138927102,-0.232786044478,0.349217444658,-0.000635194825009,-0.00370747735724,0.318727850914,-0.215138927102,0.403861641884,0.0,0.00305607262999,0.429041594267,-0.0041089928709,0.000775853986852,-0.232786044478,-0.349217444658,0.00305607262999,-0.429041594267,0.474261075258,0.0
1625182251410342937,height,4,32,width,4,8,imag,2,2,0,1.63474287547e-05,0.0,-0.000561385590117,-0.00169914856087,0.000413106521592,-0.00180683122016,0.0019506305689,0.000340654340107,-0.000561385590117,0.00169914856087,0.381285488605,0.0,0.331500679255,0.200699210167,-0.193868353963,0.372453302145,0.000413106521592,0.00180683122016,0.331500679255,-0.200699210167,0.40732088685,0.0,0.0300030726939,0.429504573345,0.0019506305689,-0.000340654340107,-0.193868353963,-0.372453302145,0.0300030726939,-0.429504573345,0.471913427114,0.0
1625182251541183709,height,4,32,width,4,8,imag,2,2,0,3.72490285372e-05,0.0,-0.0010182390688,0.00332778762095,-0.00275942264125,0.00229371734895,-0.00290392991155,-0.00255392934196,-0.0010182390688,-0.00332778762095,0.376965671778,0.0,0.320592731237,0.208383992314,-0.179241046309,0.372682034969,-0.00275942264125,-0.00229371734895,0.320592731237,-0.208383992314,0.400660276413,0.0,0.0561234019697,0.419567793608,-0.00290392991155,0.00255392934196,-0.179241046309,-0.372682034969,0.0561234019697,-0.419567793608,0.464565008879,0.0
1625182251671249023,height,4,32,width,4,8,imag,2,2,0,0.000152588560013,0.0,-0.00429162289947,0.00609467877075,-0.00724748568609,0.00261604343541,-0.00458321115002,-0.00696360180154,-0.00429162289947,-0.00609467877075,0.37971752882,0.0,0.316304445267,0.221745207906,-0.156721234322,0.388548970222,-0.00724748568609,-0.00261604343541,0.316304445267,-0.221745207906,0.406639933586,0.0,0.100028827786,0.419514417648,-0.00458321115002,0.00696360180154,-0.156721234322,-0.388548970222,0.100028827786,-0.419514417648,0.472817838192,0.0
1625182251802235215,height,4,32,width,4,8,imag,2,2,0,8.70789008331e-05,0.0,-0.0025205607526,0.00496467575431,-0.00506947981194,0.00274909776635,-0.00415609125048,-0.00476434640586,-0.0025205607526,-0.00496467575431,0.376568734646,0.0,0.315739274025,0.218364238739,-0.162886172533,0.387246191502,-0.00506947981194,-0.00274909776635,0.315739274025,-0.218364238739,0.404256731272,0.0,0.0917982757092,0.42274621129,-0.00415609125048,0.00476434640586,-0.162886172533,-0.387246191502,0.0917982757092,-0.42274621129,0.480224728584,0.0
1625182251932777168,height,4,32,width,4,8,imag,2,2,0,0.000102394304122,0.0,-0.000919707410503,0.00580684142187,-0.00426394026726,0.00431487942114,-0.00547924637794,-0.00382679817267,-0.000919707410503,-0.00580684142187,0.344394594431,0.0,0.284122943878,0.20442481339,-0.172928109765,0.345606803894,-0.00426394026726,-0.00431487942114,0.284122943878,-0.20442481339,0.367371737957,0.0,0.0651177689433,0.390318661928,-0.00547924637794,0.00382679817267,-0.172928109765,-0.345606803894,0.0651177689433,-0.390318661928,0.442600667477,0.0
1625182252063506149,height,4,32,width,4,8,imag,2,2,0,4.15809751075e-08,0.0,2.37953123872e-09,-3.54450224727e-09,-3.02611447012e-08,-8.08941713615e-09,-1.21652936613e-08,-6.11528605532e-09,2.37953123872e-09,3.54450224727e-09,3.97205349145e-06,0.0,5.11126181379e-08,-1.0270098727e-07,-7.4953643292e-09,-2.33052439569e-08,-3.02611447012e-08,8.08941713615e-09,5.11126181379e-08,1.0270098727e-07,4.63859805677e-06,0.0,3.3290766055e-07,9.96245930196e-08,-1.21652936613e-08,6.11528605532e-09,-7.4953643292e-09,2.33052439569e-08,3.3290766055e-07,-9.96245930196e-08,5.42113457414e-06,0.0
1625182252193814090,height,4,32,width,4,8,imag,2,2,0,4.18965875326e-08,0.0,4.18368839572e-10,-2.18422924192e-09,-2.54496583807e-08,-1.05113828752e-08,-1.16156311236e-08,-1.18824772244e-08,4.18368839572e-10,2.18422924192e-09,3.96854238716e-06,0.0,3.9409606245e-08,-6.51853753197e-08,6.29865439805e-08,-5.29503516589e-08,-2.54496583807e-08,1.05113828752e-08,3.9409606245e-08,6.51853753197e-08,4.63246942672e-06,0.0,3.23457356899e-07,9.54899448402e-08,-1.16156311236e-08,1.18824772244e-08,6.29865439805e-08,5.29503516589e-08,3.23457356899e-07,-9.54899448402e-08,5.34468154001e-06,0.0
1625182252324484071,height,4,32,width,4,8,imag,2,2,0,4.16752783394e-08,0.0,2.93057078604e-10,-6.391231544e-09,-2.71618052494e-08,-8.33763280639e-09,-1.06561204305e-08,-9.77299841054e-09,2.93057078604e-10,6.391231544e-09,3.96255063606e-06,0.0,5.46145955127e-08,-6.3877578782e-08,-2.06604440223e-08,-2.15831241768e-09,-2.71618052494e-08,8.33763280639e-09,5.46145955127e-08,6.3877578782e-08,4.66741630589e-06,0.0,3.61705644991e-07,1.54998332391e-07,-1.06561204305e-08,9.77299841054e-09,-2.06604440223e-08,2.15831241768e-09,3.61705644991e-07,-1.54998332391e-07,5.28688406121e-06,0.0
1625182252454743870,height,4,32,width,4,8,imag,2,2,0,4.19652756989e-08,0.0,1.29298960427e-09,-3.22112758688e-09,-3.15054400346e-08,-8.16826606354e-09,-1.35189788253e-08,-9.43868894154e-09,1.29298960427e-09,3.22112758688e-09,4.01079068979e-06,0.0,4.37808935771e-08,-1.11939947089e-07,1.64939049085e-08,-1.37305331549e-08,-3.15054400346e-08,8.16826606354e-09,4.37808935771e-08,1.11939947089e-07,4.64225149699e-06,0.0,2.98702076407e-07,1.53042293505e-07,-1.35189788253e-08,9.43868894154e-09,1.64939049085e-08,1.37305331549e-08,2.98702076407e-07,-1.53042293505e-07,5.34772425453e-06,0.0
1625182252585609684,height,4,32,width,4,8,imag,2,2,0,4.19306225297e-08,0.0,8.56797410798e-10,-1.59922253218e-09,-2.78297456191e-08,-7.29209936878e-09,-9.79211467467e-09,-1.10859499358e-08,8.56797410798e-10,1.59922253218e-09,3.97383291784e-06,0.0,2.10503685594e-08,-8.24163919333e-08,6.12117556642e-09,-3.30731957376e-08,-2.78297456191e-08,7.29209936878e-09,2.10503685594e-08,8.24163919333e-08,4.60443834527e-06,0.0,2.80962836996e-07,7.71664190324e-08,-9.79211467467e-09,1.10859499358e-08,6.12117556642e-09,3.30731957376e-08,2.80962836996e-07,-7.71664190324e-08,5.37124196853e-06,0.0
1625182252715973699,height,4,32,width,4,8,imag,2,2,0,4.17911500961e-08,0.0,1.68338054607e-09,-3.53700646549e-09,-3.08668894888e-08,-1.42273277604e-08,-9.86587345153e-09,-1.00431591932e-08,1.68338054607e-09,3.53700646549e-09,3.92547190131e-06,0.0,3.96905974753e-08,-6.24561096174e-08,2.25886562788e-08,-2.12600088645e-08,-3.08668894888e-08,1.42273277604e-08,3.96905974753e-08,6.24561096174e-08,4.60793899038e-06,0.0,2.93442980137e-07,1.16446834397e-07,-9.86587345153e-09,1.00431591932e-08,2.25886562788e-08,2.12600088645e-08,2.93442980137e-07,-1.16446834397e-07,5.35686967851e-06,0.0
1625182252846756397,height,4,32,width,4,8,imag,2,2,0,4.14139762484e-08,0.0,2.62051447208e-09,-1.75286762882e-09,-2.6848789858e-08,-8.14163225726e-09,-1.58318744781e-08,-6.15094686296e-09,2.62051447208e-09,1.75286762882e-09,3.96853738494e-06,0.0,6.22560634156e-08,-1.3183189651e-07,1.68692793068e-08,3.95305432832e-09,-2.6848789858e-08,8.14163225726e-09,6.22560634156e-08,1.3183189651e-07,4.57770784124e-06,0.0,3.2719100318e-07,1.16455495913e-07,-1.58318744781e-08,6.15094686296e-09,1.68692793068e-08,-3.95305432832e-09,3.2719100318e-07,-1.16455495913e-07,5.36894413017e-06,0.0
1625182252977059087,height,4,32,width,4,8,imag,2,2,0,4.20921786315e-08,0.0,-2.1431041386e-09,-2.22416107754e-09,-3.30244311897e-08,-6.63620225438e-09,-1.12157989562e-08,-6.7723817665e-09,-2.1431041386e-09,2.22416107754e-09,3.94676953874e-06,0.0,-2.05769090655e-08,-6.6904284779e-08,-5.28235633013e-09,-1.12633156135e-08,-3.30244311897e-08,6.63620225438e-09,-2.05769090655e-08,6.6904284779e-08,4.61416038888e-06,0.0,3.06695142172e-07,1.04688126612e-07,-1.12157989562e-08,6.7723817665e-09,-5.28235633013e-09,1.12633156135e-08,3.06695142172e-07,-1.04688126612e-07,5.31821024197e-06,0.0
1625182253107903955,height,4,32,width,4,8,imag,2,2,0,4.19945216379e-08,0.0,1.8691945769e-09,-6.45766062846e-09,-2.86499091118e-08,-7.32325533548e-09,-8.35794011778e-09,-9.07998742861e-09,1.8691945769e-09,6.45766062846e-09,3.94568314732e-06,0.0,6.06454833019e-08,-7.30495486323e-08,4.15876684201e-08,1.85586426227e-08,-2.86499091118e-08,7.32325533548e-09,6.06454833019e-08,7.30495486323e-08,4.67675454274e-06,0.0,3.61457097142e-07,1.47562275288e-07,-8.35794011778e-09,9.07998742861e-09,4.15876684201e-08,-1.85586426227e-08,3.61457097142e-07,-1.47562275288e-07,5.32922786078e-06,0.0
1625182253238333744,height,4,32,width,4,8,imag,2,2,0,4.16330685482e-08,0.0,-5.44661427071e-09,-5.9580140821e-09,-3.03633136411e-08,-6.80820200216e-09,-1.30827784162e-08,-8.30719226741e-09,-5.44661427071e-09,5.9580140821e-09,3.9660026232e-06,0.0,5.4133490579e-08,-1.17670374777e-07,3.92252036407e-10,-4.83191904266e-08,-3.03633136411e-08,6.80820200216e-09,5.4133490579e-08,1.17670374777e-07,4.58977865492e-06,0.0,2.96780797271e-07,9.39413311585e-08,-1.30827784162e-08,8.30719226741e-09,3.92252036407e-10,4.83191904266e-08,2.96780797271e-07,-9.39413311585e-08,5.29390354131e-06,0.0
1625182253369597841,height,4,32,width,4,8,imag,2,2,0,4.18907184496e-08,0.0,-9.31072774435e-10,-3.30317040387e-09,-2.8172999933e-08,-1.18069483079e-08,-9.30994836779e-09,-6.86498280444e-09,-9.31072774435e-10,3.30317040387e-09,3.93367281504e-06,0.0,5.04631287868e-08,-8.43919352178e-08,3.76785749268e-08,5.94964388867e-09,-2.8172999933e-08,1.18069483079e-08,5.04631287868e-08,8.43919352178e-08,4.59400325781e-06,0.0,3.32881114673e-07,1.65085580761e-07,-9.30994836779e-09,6.86498280444e-09,3.76785749268e-08,-5.94964388867e-09,3.32881114673e-07,-1.65085580761e-07,5.39737538929e-06,0.0
1625182253500450187,height,4,32,width,4,8,imag,2,2,0,4.19183407985e-08,0.0,-1.38681843787e-09,-6.37403796411e-10,-2.90836918992e-08,-1.2566356844e-08,-1.04205613027e-08,-3.29050120484e-09,-1.38681843787e-09,6.37403796411e-10,3.93090294892e-06,0.0,-5.87898751903e-09,-7.10446670382e-08,5.03484933745e-08,-7.41963601669e-09,-2.90836918992e-08,1.2566356844e-08,-5.87898751903e-09,7.10446670382e-08,4.61177160105e-06,0.0,2.78460333902e-07,6.1066899093e-08,-1.04205613027e-08,3.29050120484e-09,5.03484933745e-08,7.41963601669e-09,2.78460333902e-07,-6.1066899093e-08,5.32496596861e-06,0.0
1625182253631518688,height,4,32,width,4,8,imag,2,2,0,4.17384242724e-08,0.0,3.45320372297e-09,-3.67739660945e-09,-2.88130905801e-08,-6.6133964971e-09,-1.03045216804e-08,-9.3021075287e-09,3.45320372297e-09,3.67739660945e-09,3.93571917812e-06,0.0,5.49799779037e-08,-9.71124336502e-08,6.08399659541e-08,-3.55329490276e-08,-2.88130905801e-08,6.6133964971e-09,5.49799779037e-08,9.71124336502e-08,4.56447514807e-06,0.0,2.77479188071e-07,1.10742689685e-07,-1.03045216804e-08,9.3021075287e-09,6.08399659541e-08,3.55329490276e-08,2.77479188071e-07,-1.10742689685e-07,5.30438046553e-06,0.0
1625182253762417562,height,4,32,width,4,8,imag,2,2,0,4.16247623036e-08,0.0,-1.68052771699e-09,-5.2750768198e-09,-2.91828801124e-08,-6.93117652162e-09,-1.38872744415e-08,-7.46077510883e-09,-1.68052771699e-09,5.2750768198e-09,3.9853580347e-06,0.0,4.32163957953e-08,-1.06003696487e-07,4.33214317752e-08,-2.61907722177e-08,-2.91828801124e-08,6.93117652162e-09,4.32163957953e-08,1.06003696487e-07,4.63300239062e-06,0.0,3.06116447746e-07,1.23838773902e-07,-1.38872744415e-08,7.46077510883e-09,4.33214317752e-08,2.61907722177e-08,3.06116447746e-07,-1.23838773902e-07,5.33202000952e-06,0.0
1625182253893645242,height,4,32,width,4,8,imag,2,2,0,4.22099510899e-08,0.0,-3.40411787647e-09,-3.18163784208e-09,-2.83084862218e-08,-9.93919702097e-09,-1.39959048795e-08,-6.41315933692e-09,-3.40411787647e-09,3.18163784208e-09,3.96547193304e-06,0.0,2.83223422493e-09,-9.62852482189e-08,-7.21221660172e-09,-8.31891444619e-09,-2.83084862218e-08,9.93919702097e-09,2.83223422493e-09,9.62852482189e-08,4.59801231045e-06,0.0,3.18992590564e-07,8.2101998089e-08,-1.39959048795e-08,6.41315933692e-09,-7.21221660172e-09,8.31891444619e-09,3.18992590564e-07,-8.2101998089e-08,5.38542963113e-06,0.0
1625182254024274727,height,4,32,width,4,8,imag,2,2,0,4.17397281183e-08,0.0,3.68362629288e-09,-2.14929962716e-09,-2.71266298313e-08,-9.83040315816e-09,-1.18414318351e-08,-2.6130684283e-09,3.68362629288e-09,2.14929962716e-09,4.05333184972e-06,0.0,8.28543988973e-08,-9.57507566568e-08,2.7350619547e-08,5.60158408547e-09,-2.71266298313e-08,9.83040315816e-09,8.28543988973e-08,9.57507566568e-08,4.63897913505e-06,0.0,2.95055343713e-07,1.00543175563e-07,-1.18414318351e-08,2.6130684283e-09,2.7350619547e-08,-5.60158408547e-09,2.95055343713e-07,-1.00543175563e-07,5.31798468728e-06,0.0
1625182254155469538,height,4,32,width,4,8,imag,2,2,0,4.17169729872e-08,0.0,-8.62775517696e-10,-6.00059202327e-09,-3.10111580859e-08,-1.0119914684e-08,-1.54978909706e-08,-8.68627481054e-09,-8.62775517696e-10,6.00059202327e-09,3.95706047129e-06,0.0,7.65418661786e-09,-1.01662088525e-07,6.10748358554e-08,1.5836652878e-08,-3.10111580859e-08,1.0119914684e-08,7.65418661786e-09,1.01662088525e-07,4.61828449261e-06,0.0,3.08961318751e-07,1.00297235406e-07,-1.54978909706e-08,8.68627481054e-09,6.10748358554e-08,-1.5836652878e-08,3.08961318751e-07,-1.00297235406e-07,5.32628291694e-06,0.0
1625182254254418649,height,4,32,width,4,8,imag,2,2,0,4.15969054757e-08,0.0,3.78010112101e-09,-1.72222247574e-09,-2.67055426661e-08,-9.12520992102e-09,-1.57552015878e-08,-5.03334041113e-09,3.78010112101e-09,1.72222247574e-09,3.96106406697e-06,0.0,1.56770205706e-08,-5.75072469644e-08,6.9063126773e-08,8.9128331382e-09,-2.67055426661e-08,9.12520992102e-09,1.56770205706e-08,5.75072469644e-08,4.61913441541e-06,0.0,3.44832017163e-07,1.25907163806e-07,-1.57552015878e-08,5.03334041113e-09,6.9063126773e-08,-8.9128331382e-09,3.44832017163e-07,-1.25907163806e-07,5.30234774487e-06,0.0
1625182254337359833,height,4,32,width,4,8,imag,2,2,0,4.21487804658e-08,0.0,8.55796336574e-12,-5.41278533106e-09,-3.23494511179e-08,-9.92764626062e-09,-9.39790734122e-09,-1.13498854759e-08,8.55796336574e-12,5.41278533106e-09,3.91885623685e-06,0.0,3.21161337524e-08,-8.94613521041e-08,6.6513315744e-08,-2.45427322909e-09,-3.23494511179e-08,9.92764626062e-09,3.21161337524e-08,8.94613521041e-08,4.63151809527e-06,0.0,2.96848497783e-07,1.14712626953e-07,-9.39790734122e-09,1.13498854759e-08,6.6513315744e-08,2.45427322909e-09,2.96848497783e-07,-1.14712626953e-07,5.35412209501e-06,0.0
1625182254419709254,height,4,32,width,4,8,imag,2,2,0,4.18067820362e-08,0.0,1.63397495534e-09,2.39509800881e-10,-2.75259743887e-08,-7.32170368778e-09,-1.07876614308e-08,-8.22480394902e-09,1.63397495534e-09,-2.39509800881e-10,3.96123732571e-06,0.0,6.97264326277e-08,-9.22979950246e-08,1.55055914774e-08,-1.87429716192e-08,-2.75259743887e-08,7.32170368778e-09,6.97264326277e-08,9.22979950246e-08,4.67459403808e-06,0.0,2.42519519134e-07,5.42327214248e-08,-1.07876614308e-08,8.22480394902e-09,1.55055914774e-08,1.87429716192e-08,2.42519519134e-07,-5.42327214248e-08,5.3537205531e-06,0.0
1625182254526654090,height,4,32,width,4,8,imag,2,2,0,4.16062810871e-08,0.0,4.65105953751e-10,7.64998564495e-10,-2.61477168806e-08,-6.63715704619e-09,-1.02737560681e-08,-1.12139177944e-08,4.65105953751e-10,-7.64998564495e-10,3.95529741581e-06,0.0,6.31164027709e-08,-1.07433102414e-07,1.9131665141e-08,-5.09489055389e-08,-2.61477168806e-08,6.63715704619e-09,6.31164027709e-08,1.07433102414e-07,4.65134371552e-06,0.0,2.96501895036e-07,9.18300102626e-08,-1.02737560681e-08,1.12139177944e-08,1.9131665141e-08,5.09489055389e-08,2.96501895036e-07,-9.18300102626e-08,5.41418148714e-06,0.0
1625182254648385368,height,4,32,width,4,8,imag,2,2,0,4.17089758287e-08,0.0,-7.20472070892e-10,1.23875507074e-10,-2.70579612049e-08,-8.70139515996e-09,-1.49903858215e-08,-8.6681879452e-09,-7.20472070892e-10,-1.23875507074e-10,3.96350606024e-06,0.0,5.08795565679e-08,-1.13122219147e-07,2.74149645207e-08,-5.47562990505e-08,-2.70579612049e-08,8.70139515996e-09,5.08795565679e-08,1.13122219147e-07,4.63757942271e-06,0.0,3.19465755183e-07,1.20369037404e-07,-1.49903858215e-08,8.6681879452e-09,2.74149645207e-08,5.47562990505e-08,3.19465755183e-07,-1.20369037404e-07,5.31725527253e-06,0.0
1625182254777583335,height,4,32,width,4,8,imag,2,2,0,4.22939443467e-08,0.0,2.69154720733e-09,-3.0474178736e-09,-2.46924791725e-08,-7.6829822504e-09,-1.39603564264e-08,-8.19391132723e-09,2.69154720733e-09,3.0474178736e-09,3.98789370593e-06,0.0,5.15755296249e-08,-1.16011186435e-07,-6.22282803064e-09,-2.49851463963e-08,-2.46924791725e-08,7.6829822504e-09,5.15755296249e-08,1.16011186435e-07,4.61343097413e-06,0.0,3.05602895878e-07,1.00367145706e-07,-1.39603564264e-08,8.19391132723e-09,-6.22282803064e-09,2.49851463963e-08,3.05602895878e-07,-1.00367145706e-07,5.36758443559e-06,0.0
1625182254904019141,height,4,32,width,4,8,imag,2,2,0,4.17533563279e-08,0.0,-9.59687773694e-10,-1.85999604607e-09,-3.00875626635e-08,-9.22361920175e-09,-1.25308963206e-08,-9.36135347018e-09,-9.59687773694e-10,1.85999604607e-09,3.96436053052e-06,0.0,2.55258356674e-08,-7.86753275861e-08,6.7180948804e-08,-6.79090872424e-09,-3.00875626635e-08,9.22361920175e-09,2.55258356674e-08,7.86753275861e-08,4.61936997453e-06,0.0,3.06591971366e-07,8.88508395747e-08,-1.25308963206e-08,9.36135347018e-09,6.7180948804e-08,6.79090872424e-09,3.06591971366e-07,-8.88508395747e-08,5.31152545591e-06,0.0
1625182255032321399,height,4,32,width,4,8,imag,2,2,0,7.31066902517e-05,0.0,-0.00203227042221,0.00264129741117,-0.00331711606123,0.000948776840232,-0.00167986296583,-0.00343558820896,-0.00203227042221,-0.00264129741117,0.15404343605,0.0,0.126296311617,0.0936489105225,-0.0793841332197,0.155971303582,-0.00331711606123,-0.000948776840232,0.126296311617,-0.0936489105225,0.165459111333,0.0,0.0310064889491,0.177027776837,-0.00167986296583,0.00343558820896,-0.0793841332197,-0.155971303582,0.0310064889491,-0.177027776837,0.203430697322,0.0
1625182255164467695,height,4,32,width,4,8,imag,2,2,0,0.000187819052371,0.0,-0.00525668403134,0.00652078492567,-0.00838695093989,0.00220848969184,-0.00417482899502,-0.00865629967302,-0.00525668403134,-0.00652078492567,0.378446668386,0.0,0.310435682535,0.229490727186,-0.188150569797,0.386811971664,-0.00838695093989,-0.00220848969184,0.310435682535,-0.229490727186,0.406659841537,0.0,0.0837620869279,0.433779031038,-0.00417482899502,0.00865629967302,-0.188150569797,-0.386811971664,0.0837620869279,-0.433779031038,0.499190837145,0.0
1625182255288651334,height,4,32,width,4,8,imag,2,2,0,0.000177610738319,0.0,-0.00493128504604,0.00648153293878,-0.00810118205845,0.00233363173902,-0.00432433607057,-0.00829175487161,-0.00493128504604,-0.00648153293878,0.378501981497,0.0,0.309197813272,0.231047913432,-0.187215149403,0.387804716825,-0.00810118205845,-0.00233363173902,0.309197813272,-0.231047913432,0.406463652849,0.0,0.0873926952481,0.43343859911,-0.00432433607057,0.00829175487161,-0.187215149403,-0.387804716825,0.0873926952481,-0.43343859911,0.499819010496,0.0
1625182255416210777,height,4,32,width,4,8,imag,2,2,0,0.000182247706107,0.0,-0.00503724720329,0.00645670946687,-0.00817123427987,0.00226399162784,-0.00410290062428,-0.00845250952989,-0.00503724720329,-0.00645670946687,0.372658103704,0.0,0.305406302214,0.227185979486,-0.190512388945,0.378478884697,-0.00817123427987,-0.00226399162784,0.305406302214,-0.227185979486,0.400354653597,0.0,0.0775672495365,0.428326308727,-0.00410290062428,0.00845250952989,-0.190512388945,-0.378478884697,0.0775672495365,-0.428326308727,0.492143809795,0.0
1625182255544678472,height,4,32,width,4,8,imag,2,2,0,0.000184025411727,0.0,-0.00508425664157,0.00654922239482,-0.00826967507601,0.00230857543647,-0.00423072790727,-0.00852910988033,-0.00508425664157,-0.00654922239482,0.378452241421,0.0,0.309394598007,0.230533361435,-0.191052109003,0.386030137539,-0.00826967507601,-0.00230857543647,0.309394598007,-0.230533361435,0.406856894493,0.0,0.082598388195,0.4343547225,-0.00423072790727,0.00852910988033,-0.191052109003,-0.386030137539,0.082598388195,-0.4343547225,0.499626159668,0.0
1625182255673476501,height,4,32,width,4,8,imag,2,2,0,0.000172037674929,0.0,-0.00483538070694,0.00634822342545,-0.00793662294745,0.00230836705305,-0.00409655831754,-0.00819581095129,-0.00483538070694,-0.00634822342545,0.375251144171,0.0,0.307665735483,0.228399202228,-0.191888213158,0.381315946579,-0.00793662294745,-0.00230836705305,0.307665735483,-0.228399202228,0.403434216976,0.0,0.0778957679868,0.431565076113,-0.00409655831754,0.00819581095129,-0.191888213158,-0.381315946579,0.0778957679868,-0.431565076113,0.495542019606,0.0
1625182255800068317,height,4,32,width,4,8,imag,2,2,0,0.000169016173459,0.0,-0.00475520221516,0.00633307918906,-0.00785244628787,0.00233474117704,-0.0041687223129,-0.00807835999876,-0.00475520221516,-0.00633307918906,0.376201868057,0.0,0.307561546564,0.228750124574,-0.190411671996,0.383491337299,-0.00785244628787,-0.00233474117704,0.307561546564,-0.228750124574,0.403456956148,0.0,0.080968350172,0.431497186422,-0.0041687223129,0.00807835999876,-0.190411671996,-0.383491337299,0.080968350172,-0.431497186422,0.497211694717,0.0
1625182255927687791,height,4,32,width,4,8,imag,2,2,0,0.000171614738065,0.0,-0.0048665991053,0.00631617521867,-0.0079432297498,0.00226154457778,-0.0040369797498,-0.00821864139289,-0.0048665991053,-0.00631617521867,0.375461220741,0.0,0.307809323072,0.228519365191,-0.192667379975,0.381165355444,-0.0079432297498,-0.00226154457778,0.307809323072,-0.228519365191,0.403720736504,0.0,0.0772955194116,0.431870877743,-0.0040369797498,0.00821864139289,-0.192667379975,-0.381165355444,0.0772955194116,-0.431870877743,0.496363580227,0.0
1625182256062284744,height,4,32,width,4,8,imag,2,2,0,0.00016077933833,0.0,-0.00460010487586,0.0061947312206,-0.00765071250498,0.00230307038873,-0.00411353213713,-0.00784546136856,-0.00460010487586,-0.0061947312206,0.375396579504,0.0,0.307125806808,0.229312285781,-0.189530298114,0.382673293352,-0.00765071250498,-0.00230307038873,0.307125806808,-0.229312285781,0.403428316116,0.0,0.0819476097822,0.430933475494,-0.00411353213713,0.00784546136856,-0.189530298114,-0.382673293352,0.0819476097822,-0.430933475494,0.496430248022,0.0
1625182256185899441,height,4,32,width,4,8,imag,2,2,0,0.000169257444213,0.0,-0.0048114368692,0.0062924916856,-0.00789506081492,0.00225507421419,-0.0041429605335,-0.00809726025909,-0.0048114368692,-0.0062924916856,0.375577479601,0.0,0.30719679594,0.229515433311,-0.18813303113,0.384223818779,-0.00789506081492,-0.00225507421419,0.30719679594,-0.229515433311,0.404439657927,0.0,0.0844319611788,0.431496053934,-0.0041429605335,0.00809726025909,-0.18813303113,-0.384223818779,0.0844319611788,-0.431496053934,0.496789783239,0.0
1625182256312559477,height,4,32,width,4,8,imag,2,2,0,5.82738975936e-05,0.0,-0.00164501764812,0.0021997988224,-0.00272568664514,0.000810040917713,-0.00140932749491,-0.00282837776467,-0.00164501764812,-0.0021997988224,0.13144184649,0.0,0.107292897999,0.0801759660244,-0.0687614604831,0.132981464267,-0.00272568664514,-0.000810040917713,0.107292897999,-0.0801759660244,0.141239017248,0.0,0.0262705888599,0.151316046715,-0.00140932749491,0.00282837776467,-0.0687614604831,-0.132981464267,0.0262705888599,-0.151316046715,0.174101278186,0.0
1625182256439626384,height,4,32,width,4,8,imag,2,2,0,4.23201207411e-08,0.0,1.36080280377e-09,-5.07747666134e-09,-2.70868518726e-08,-5.59938584388e-09,-1.59811506251e-08,-7.63846319529e-09,1.36080280377e-09,5.07747666134e-09,3.90999684896e-06,0.0,7.27566202841e-08,-1.10090994099e-07,1.43160834298e-08,-6.65699495528e-10,-2.70868518726e-08,5.59938584388e-09,7.27566202841e-08,1.10090994099e-07,4.59925422547e-06,0.0,3.39525030313e-07,1.19931115705e-07,-1.59811506251e-08,7.63846319529e-09,1.43160834298e-08,6.65699495528e-10,3.39525030313e-07,-1.19931115705e-07,5.38191216037e-06,0.0
1625182256590432497,height,4,32,width,4,8,imag,2,2,0,4.19947951968e-08,0.0,-4.13724610127e-09,-4.16608925136e-09,-2.89452426472e-08,-6.78423139888e-09,-1.39918219233e-08,-6.83563383674e-09,-4.13724610127e-09,4.16608925136e-09,3.98217753173e-06,0.0,5.02355135268e-08,-8.83075159663e-08,1.62082454125e-08,-8.23176105058e-09,-2.89452426472e-08,6.78423139888e-09,5.02355135268e-08,8.83075159663e-08,4.63634478365e-06,0.0,2.93902019166e-07,9.96192071057e-08,-1.39918219233e-08,6.83563383674e-09,1.62082454125e-08,8.23176105058e-09,2.93902019166e-07,-9.96192071057e-08,5.3534640756e-06,0.0
1625182256720034119,height,4,32,width,4,8,imag,2,2,0,4.15813481425e-08,0.0,1.58673529871e-09,-1.61376989549e-09,-2.46123708081e-08,-6.77300482366e-09,-1.32047057733e-08,-5.89868998091e-09,1.58673529871e-09,1.61376989549e-09,3.94730386688e-06,0.0,4.73023540337e-08,-6.82234144733e-08,5.24149541548e-08,-3.54189602092e-08,-2.46123708081e-08,6.77300482366e-09,4.73023540337e-08,6.82234144733e-08,4.61509034722e-06,0.0,3.27716151105e-07,1.12073543335e-07,-1.32047057733e-08,5.89868998091e-09,5.24149541548e-08,3.54189602092e-08,3.27716151105e-07,-1.12073543335e-07,5.31545583726e-06,0.0
1625182256854277157,height,4,32,width,4,8,imag,2,2,0,4.17492600491e-08,0.0,2.1014410212e-09,-3.16396042699e-09,-3.00856157764e-08,-9.44852196483e-09,-1.26358461472e-08,-9.46197875606e-09,2.1014410212e-09,3.16396042699e-09,3.93420532419e-06,0.0,5.16739397938e-08,-1.3986344527e-07,-2.00378025283e-09,-4.18617096543e-09,-3.00856157764e-08,9.44852196483e-09,5.16739397938e-08,1.3986344527e-07,4.67551399197e-06,0.0,3.37425660746e-07,9.91334587752e-08,-1.26358461472e-08,9.46197875606e-09,-2.00378025283e-09,4.18617096543e-09,3.37425660746e-07,-9.91334587752e-08,5.40649443792e-06,0.0
1625182256976084061,height,4,32,width,4,8,imag,2,2,0,4.21347152724e-08,0.0,-8.36391955694e-10,-4.45823866713e-09,-3.08046210762e-08,-7.04246927441e-09,-1.07171702624e-08,-1.13398268553e-08,-8.36391955694e-10,4.45823866713e-09,3.93054097003e-06,0.0,5.05504758053e-08,-1.44508803146e-07,2.73783520299e-08,2.20460076861e-08,-3.08046210762e-08,7.04246927441e-09,5.05504758053e-08,1.44508803146e-07,4.67548534289e-06,0.0,2.93545156183e-07,1.19403566146e-07,-1.07171702624e-08,1.13398268553e-08,2.73783520299e-08,-2.20460076861e-08,2.93545156183e-07,-1.19403566146e-07,5.3399285207e-06,0.0
1625182257104014085,height,4,32,width,4,8,imag,2,2,0,4.18622043696e-08,0.0,-1.97930649648e-09,-1.99898564368e-09,-2.91030559652e-08,-7.35796090723e-09,-1.35777842303e-08,-6.153311638e-09,-1.97930649648e-09,1.99898564368e-09,3.94916150981e-06,0.0,3.50475382049e-08,-1.06890460927e-07,7.24266691066e-09,-4.07059914664e-08,-2.91030559652e-08,7.35796090723e-09,3.50475382049e-08,1.06890460927e-07,4.65595257992e-06,0.0,2.77721653674e-07,1.26616967577e-07,-1.35777842303e-08,6.153311638e-09,7.24266691066e-09,4.07059914664e-08,2.77721653674e-07,-1.26616967577e-07,5.32154354005e-06,0.0
1625182257231288062,height,4,32,width,4,8,imag,2,2,0,4.22641193154e-08,0.0,1.86366366783e-10,-2.09505346405e-09,-2.70244076006e-08,-9.56550394449e-09,-1.37424667201e-08,-6.53178267029e-09,1.86366366783e-10,2.09505346405e-09,3.9470860429e-06,0.0,6.04370882229e-08,-1.13520904677e-07,2.27565681854e-08,-4.27391597668e-08,-2.70244076006e-08,9.56550394449e-09,6.04370882229e-08,1.13520904677e-07,4.61013405584e-06,0.0,2.91227252092e-07,1.05153922902e-07,-1.37424667201e-08,6.53178267029e-09,2.27565681854e-08,4.27391597668e-08,2.91227252092e-07,-1.05153922902e-07,5.42227462574e-06,0.0
1625182257360191778,height,4,32,width,4,8,imag,2,2,0,4.15685157407e-08,0.0,1.95336635755e-09,-4.60247218115e-09,-2.86550498885e-08,-1.14568443621e-08,-8.99281982214e-09,-7.3129280409e-09,1.95336635755e-09,4.60247218115e-09,3.99403143092e-06,0.0,2.35205330767e-08,-9.38129360861e-08,-1.59451030157e-08,-4.66455070125e-08,-2.86550498885e-08,1.14568443621e-08,2.35205330767e-08,9.38129360861e-08,4.63880178359e-06,0.0,3.47442437487e-07,1.36797993378e-07,-8.99281982214e-09,7.3129280409e-09,-1.59451030157e-08,4.66455070125e-08,3.47442437487e-07,-1.36797993378e-07,5.34186028744e-06,0.0
1625182257493524892,height,4,32,width,4,8,imag,2,2,0,4.18577137395e-08,0.0,-1.87012405561e-09,-1.59694202306e-09,-2.67169877333e-08,-7.73050690128e-09,-1.28053336823e-08,-6.32442187509e-09,-1.87012405561e-09,1.59694202306e-09,3.98781094191e-06,0.0,-6.34657038034e-09,-1.01736496561e-07,6.15032362816e-08,-1.87472526392e-09,-2.67169877333e-08,7.73050690128e-09,-6.34657038034e-09,1.01736496561e-07,4.73220416097e-06,0.0,3.0827928299e-07,1.51902398215e-07,-1.28053336823e-08,6.32442187509e-09,6.15032362816e-08,1.87472526392e-09,3.0827928299e-07,-1.51902398215e-07,5.37209325557e-06,0.0
1625182257616276478,height,4,32,width,4,8,imag,2,2,0,4.15109546736e-08,0.0,2.36606234605e-10,-4.77643302688e-09,-2.56579646418e-08,-5.96323967983e-09,-1.44360940979e-08,-1.17368088581e-08,2.36606234605e-10,4.77643302688e-09,3.96605537389e-06,0.0,5.61780773012e-08,-9.02096601862e-08,8.18176726369e-09,-1.53892614208e-08,-2.56579646418e-08,5.96323967983e-09,5.61780773012e-08,9.02096601862e-08,4.58264275949e-06,0.0,3.07816662826e-07,8.30143278563e-08,-1.44360940979e-08,1.17368088581e-08,8.18176726369e-09,1.53892614208e-08,3.07816662826e-07,-8.30143278563e-08,5.35912613486e-06,0.0
1625182257743140145,height,4,32,width,4,8,imag,2,2,0,4.21896402258e-08,0.0,-1.18590659515e-09,1.25882626545e-09,-3.30562031081e-08,-1.03160768816e-08,-1.35931088607e-08,-1.28432340318e-08,-1.18590659515e-09,-1.25882626545e-09,3.97320582124e-06,0.0,5.02426118487e-08,-9.13054378771e-08,1.08339959226e-08,-3.65424579485e-09,-3.30562031081e-08,1.03160768816e-08,5.02426118487e-08,9.13054378771e-08,4.65340053779e-06,0.0,3.31591110125e-07,1.07169199737e-07,-1.35931088607e-08,1.28432340318e-08,1.08339959226e-08,3.65424579485e-09,3.31591110125e-07,-1.07169199737e-07,5.31944533577e-06,0.0
1625182257871704062,height,4,32,width,4,8,imag,2,2,0,4.17719938639e-08,0.0,-2.02574068631e-09,1.16549636608e-09,-2.85444876624e-08,-5.09044850716e-09,-1.16343432666e-08,-7.60547713696e-09,-2.02574068631e-09,-1.16549636608e-09,3.95792358177e-06,0.0,2.56542591615e-08,-7.5713096237e-08,6.73334241696e-08,-2.79190928154e-08,-2.85444876624e-08,5.09044850716e-09,2.56542591615e-08,7.5713096237e-08,4.60363844468e-06,0.0,3.08986358277e-07,1.40978556828e-07,-1.16343432666e-08,7.60547713696e-09,6.73334241696e-08,2.79190928154e-08,3.08986358277e-07,-1.40978556828e-07,5.35131357537e-06,0.0
1625182258000015505,height,4,32,width,4,8,imag,2,2,0,4.12703897723e-08,0.0,-7.13498093941e-10,-4.25810364746e-09,-3.02927531948e-08,-7.43858485919e-09,-1.00130481684e-08,-6.06976957584e-09,-7.13498093941e-10,4.25810364746e-09,3.9713077058e-06,0.0,5.45887814951e-08,-1.26519239529e-07,1.80241368497e-08,-1.1048446602e-08,-3.02927531948e-08,7.43858485919e-09,5.45887814951e-08,1.26519239529e-07,4.60728369944e-06,0.0,3.37469174383e-07,1.2605121924e-07,-1.00130481684e-08,6.06976957584e-09,1.80241368497e-08,1.1048446602e-08,3.37469174383e-07,-1.2605121924e-07,5.33785714651e-06,0.0
1625182258134250883,height,4,32,width,4,8,imag,2,2,0,4.19011776387e-08,0.0,-1.23399424012e-09,-1.16294196495e-09,-2.95208177903e-08,-9.44334921371e-09,-1.236356173e-08,-6.19082785036e-09,-1.23399424012e-09,1.16294196495e-09,3.95408642362e-06,0.0,5.02743944253e-08,-1.07541289651e-07,2.00499297165e-08,7.7687243305e-09,-2.95208177903e-08,9.44334921371e-09,5.02743944253e-08,1.07541289651e-07,4.63152809971e-06,0.0,2.93444259114e-07,1.25129204775e-07,-1.236356173e-08,6.19082785036e-09,2.00499297165e-08,-7.7687243305e-09,2.93444259114e-07,-1.25129204775e-07,5.35703202331e-06,0.0
1625182258261770069,height,4,32,width,4,8,imag,2,2,0,4.19865884282e-08,0.0,-3.01004043912e-09,-7.2820234287e-09,-2.73385367677e-08,-8.60991899998e-09,-1.53226142885e-08,-1.34603617141e-08,-3.01004043912e-09,7.2820234287e-09,3.96026734961e-06,0.0,3.53834543887e-08,-9.09057504828e-08,2.20139533269e-08,2.35954011885e-08,-2.73385367677e-08,8.60991899998e-09,3.53834543887e-08,9.09057504828e-08,4.65924040327e-06,0.0,3.57680249863e-07,1.47737424072e-07,-1.53226142885e-08,1.34603617141e-08,2.20139533269e-08,-2.35954011885e-08,3.57680249863e-07,-1.47737424072e-07,5.43849137102e-06,0.0
1625182258383896212,height,4,32,width,4,8,imag,2,2,0,4.1978029941e-08,0.0,2.99737457077e-09,-3.25259619238e-09,-2.7736357211e-08,-9.66785762557e-09,-1.31203625742e-08,-9.3374570298e-09,2.99737457077e-09,3.25259619238e-09,3.98163638238e-06,0.0,2.43873561345e-08,-1.02723653583e-07,8.96475693679e-09,-4.39733005564e-09,-2.7736357211e-08,9.66785762557e-09,2.43873561345e-08,1.02723653583e-07,4.6211962399e-06,0.0,3.32557533511e-07,9.12074327175e-08,-1.31203625742e-08,9.3374570298e-09,8.96475693679e-09,4.39733005564e-09,3.32557533511e-07,-9.12074327175e-08,5.36091556569e-06,0.0
1625182258511131640,height,4,32,width,4,8,imag,2,2,0,4.1713079213e-08,0.0,4.55719802173e-11,-2.98716740232e-09,-2.96343234396e-08,-7.05899605435e-09,-1.22476260245e-08,-9.22558474059e-09,4.55719802173e-11,2.98716740232e-09,3.98040720029e-06,0.0,3.46704212006e-08,-8.13372835751e-08,2.36618529215e-08,-5.89568216469e-08,-2.96343234396e-08,7.05899605435e-09,3.46704212006e-08,8.13372835751e-08,4.58277918369e-06,0.0,3.02525819507e-07,8.42048137883e-08,-1.22476260245e-08,9.22558474059e-09,2.36618529215e-08,5.89568216469e-08,3.02525819507e-07,-8.42048137883e-08,5.36228117198e-06,0.0
1625182258646288278,height,4,32,width,4,8,imag,2,2,0,4.18357970489e-08,0.0,-2.15324735819e-09,-5.3211888229e-09,-3.06263991945e-08,-6.68112765112e-09,-1.22832020111e-08,-3.07575698244e-09,-2.15324735819e-09,5.3211888229e-09,3.96214454668e-06,0.0,7.65669412317e-08,-9.60706145747e-08,5.95118132551e-09,-4.96893655111e-08,-3.06263991945e-08,6.68112765112e-09,7.65669412317e-08,9.60706145747e-08,4.61614536107e-06,0.0,3.17503008773e-07,1.13662672163e-07,-1.22832020111e-08,3.07575698244e-09,5.95118132551e-09,4.96893655111e-08,3.17503008773e-07,-1.13662672163e-07,5.26626899955e-06,0.0
1625182258768331247,height,4,32,width,4,8,imag,2,2,0,4.16495353761e-08,0.0,-5.49910672554e-10,-1.37225464325e-09,-3.08080885247e-08,-7.26468041279e-09,-1.02370787403e-08,-1.07189883636e-08,-5.49910672554e-10,1.37225464325e-09,3.98734619012e-06,0.0,3.70411648021e-08,-9.70168159142e-08,1.72560721268e-08,-2.16545288367e-08,-3.08080885247e-08,7.26468041279e-09,3.70411648021e-08,9.70168159142e-08,4.59121565655e-06,0.0,3.41701166917e-07,1.07452841291e-07,-1.02370787403e-08,1.07189883636e-08,1.72560721268e-08,2.16545288367e-08,3.41701166917e-07,-1.07452841291e-07,5.34525315743e-06,0.0
1625182258899203415,height,4,32,width,4,8,imag,2,2,0,4.16582430773e-08,0.0,1.07318520737e-09,-4.56922855108e-09,-2.83567462844e-08,-8.9597476105e-09,-9.23762222271e-09,-1.11821840676e-08,1.07318520737e-09,4.56922855108e-09,3.97063649871e-06,0.0,9.38648270221e-08,-5.73005287663e-08,6.04091265899e-09,4.22883168483e-08,-2.83567462844e-08,8.9597476105e-09,9.38648270221e-08,5.73005287663e-08,4.67533163828e-06,0.0,3.00593598013e-07,6.74365239206e-08,-9.23762222271e-09,1.11821840676e-08,6.04091265899e-09,-4.22883168483e-08,3.00593598013e-07,-6.74365239206e-08,5.33640650247e-06,0.0
1625182259033140437,height,4,32,width,4,8,imag,2,2,0,4.14495353596e-08,0.0,-7.69649177723e-10,-3.81687703666e-09,-2.67229012252e-08,-6.04249050795e-09,-1.20910472745e-08,-7.60851204262e-09,-7.69649177723e-10,3.81687703666e-09,3.94147309635e-06,0.0,2.35283064143e-08,-8.95846596904e-08,3.88525513983e-08,-7.00918545427e-10,-2.67229012252e-08,6.04249050795e-09,2.35283064143e-08,8.95846596904e-08,4.61666650153e-06,0.0,2.8521910167e-07,6.1857086564e-08,-1.20910472745e-08,7.60851204262e-09,3.88525513983e-08,7.00918545427e-10,2.8521910167e-07,-6.1857086564e-08,5.37661344424e-06,0.0
1625182259131173279,height,4,32,width,4,8,imag,2,2,0,4.18366994381e-08,0.0,6.91273094322e-10,-2.62967159159e-09,-3.09097529794e-08,-6.60074395142e-09,-1.38758844415e-08,-5.38711253384e-09,6.91273094322e-10,2.62967159159e-09,3.94853304897e-06,0.0,1.72169904999e-08,-9.89923734096e-08,1.4508913182e-08,-2.66488453526e-09,-3.09097529794e-08,6.60074395142e-09,1.72169904999e-08,9.89923734096e-08,4.62955722469e-06,0.0,3.1978410675e-07,1.30286224476e-07,-1.38758844415e-08,5.38711253384e-09,1.4508913182e-08,2.66488453526e-09,3.1978410675e-07,-1.30286224476e-07,5.31627210876e-06,0.0
1625182259283595644,height,4,32,width,4,8,imag,2,2,0,4.16515852919e-08,0.0,-2.41725262029e-09,-1.24769783394e-09,-2.61766199827e-08,-1.05008988172e-08,-1.500860769e-08,-9.48355793895e-09,-2.41725262029e-09,1.24769783394e-09,3.9749802454e-06,0.0,7.95385535213e-09,-5.46818839098e-08,6.71535271835e-09,-4.66419365353e-08,-2.61766199827e-08,1.05008988172e-08,7.95385535213e-09,5.46818839098e-08,4.58168142359e-06,0.0,3.68138444173e-07,8.74853967048e-08,-1.500860769e-08,9.48355793895e-09,6.71535271835e-09,4.66419365353e-08,3.68138444173e-07,-8.74853967048e-08,5.35958406545e-06,0.0
1625182259408290081,height,4,32,width,4,8,imag,2,2,0,4.18314627382e-08,0.0,2.84604895207e-10,-2.05394878883e-09,-3.1555725144e-08,-7.66842411792e-09,-1.6534039915e-08,-9.28815158119e-09,2.84604895207e-10,2.05394878883e-09,3.95736105929e-06,0.0,5.46293286163e-08,-1.21675512332e-07,5.31192583253e-08,-1.65289506526e-08,-3.1555725144e-08,7.66842411792e-09,5.46293286163e-08,1.21675512332e-07,4.66627989226e-06,0.0,3.76843672711e-07,1.43908053474e-07,-1.6534039915e-08,9.28815158119e-09,5.31192583253e-08,1.65289506526e-08,3.76843672711e-07,-1.43908053474e-07,5.40306155017e-06,0.0
1625182259541315675,height,4,32,width,4,8,imag,2,2,0,2.87139555439e-05,0.0,-0.000596486846916,0.00125748303253,-0.00127856584731,0.000660182442516,-0.000925705826376,-0.00130369758699,-0.000596486846916,-0.00125748303253,0.0684853196144,0.0,0.0554749406874,0.0424686521292,-0.0388317964971,0.0677159652114,-0.00127856584731,-0.000660182442516,0.0554749406874,-0.0424686521292,0.0733201876283,0.0,0.0109675554559,0.0792736113071,-0.000925705826376,0.00130369758699,-0.0388317964971,-0.0677159652114,0.0109675554559,-0.0792736113071,0.0905740484595,0.0
1625182259663962447,height,4,32,width,4,8,imag,2,2,0,0.000167105143191,0.0,-0.00364082213491,0.00697789900005,-0.00738091208041,0.00345943705179,-0.00526429386809,-0.00736853247508,-0.00364082213491,-0.00697789900005,0.376209259033,0.0,0.30477887392,0.233478114009,-0.197892516851,0.380032509565,-0.00738091208041,-0.00345943705179,0.30477887392,-0.233478114009,0.404355019331,0.0,0.0786477178335,0.432769805193,-0.00526429386809,0.00736853247508,-0.197892516851,-0.380032509565,0.0786477178335,-0.432769805193,0.498312115669,0.0
1625182259796904494,height,4,32,width,4,8,imag,2,2,0,0.000167403137311,0.0,-0.00379874836653,0.00692372443154,-0.00745480740443,0.00335895991884,-0.00516857812181,-0.00748050492257,-0.00379874836653,-0.00692372443154,0.378120929003,0.0,0.307576566935,0.232681915164,-0.196782812476,0.383122086525,-0.00745480740443,-0.00335895991884,0.307576566935,-0.232681915164,0.406210452318,0.0,0.0789013952017,0.434765696526,-0.00516857812181,0.00748050492257,-0.196782812476,-0.383122086525,0.0789013952017,-0.434765696526,0.500949859619,0.0
1625182259919292296,height,4,32,width,4,8,imag,2,2,0,0.0001654564403,0.0,-0.00377147970721,0.00685442704707,-0.00739116314799,0.00332075264305,-0.00508809741586,-0.00742832385004,-0.00377147970721,-0.00685442704707,0.375562787056,0.0,0.30599963665,0.231308221817,-0.196815595031,0.37998688221,-0.00739116314799,-0.00332075264305,0.30599963665,-0.231308221817,0.403788417578,0.0,0.0765875503421,0.432674080133,-0.00508809741586,0.00742832385004,-0.196815595031,-0.37998688221,0.0765875503421,-0.432674080133,0.498002499342,0.0
1625182260046964154,height,4,32,width,4,8,imag,2,2,0,0.000135952883284,0.0,-0.00341267650947,0.00621088035405,-0.00668209278956,0.00305101275444,-0.00459792744368,-0.00674828095362,-0.00341267650947,-0.00621088035405,0.375528424978,0.0,0.307138949633,0.229621887207,-0.198324814439,0.379381030798,-0.00668209278956,-0.00305101275444,0.307138949633,-0.229621887207,0.404297709465,0.0,0.0729026421905,0.43354472518,-0.00459792744368,0.00674828095362,-0.198324814439,-0.379381030798,0.0729026421905,-0.43354472518,0.498378485441,0.0
1625182260175102345,height,4,32,width,4,8,imag,2,2,0,0.00013328701607,0.0,-0.00308727449737,0.0063378373161,-0.0064988983795,0.00331929605454,-0.00497717922553,-0.00641933223233,-0.00308727449737,-0.0063378373161,0.378786593676,0.0,0.308153122663,0.23296533525,-0.195230841637,0.385519117117,-0.0064988983795,-0.00331929605454,0.308153122663,-0.23296533525,0.406688779593,0.0,0.0815687775612,0.435709178448,-0.00497717922553,0.00641933223233,-0.195230841637,-0.385519117117,0.0815687775612,-0.435709178448,0.502878606319,0.0
1625182260333087227,height,4,32,width,4,8,imag,2,2,0,0.000128840081743,0.0,-0.00250237435102,0.00643679779023,-0.00609291996807,0.00372832431458,-0.00526840984821,-0.00597651908174,-0.00250237435102,-0.00643679779023,0.376432389021,0.0,0.304585129023,0.233023792505,-0.20168556273,0.379374355078,-0.00609291996807,-0.00372832431458,0.304585129023,-0.233023792505,0.403611302376,0.0,0.0748286098242,0.433774888515,-0.00526840984821,0.00597651908174,-0.20168556273,-0.379374355078,0.0748286098242,-0.433774888515,0.500149428844,0.0
1625182260478925871,height,4,32,width,4,8,imag,2,2,0,0.000132300818223,0.0,-0.00240911659785,0.00656449981034,-0.00610186951235,0.00389517750591,-0.00550529593602,-0.00589626654983,-0.00240911659785,-0.00656449981034,0.376048743725,0.0,0.304648369551,0.233087286353,-0.197891429067,0.380405336618,-0.00610186951235,-0.00389517750591,0.304648369551,-0.233087286353,0.403856396675,0.0,0.0786680951715,0.432826042175,-0.00550529593602,0.00589626654983,-0.197891429067,-0.380405336618,0.0786680951715,-0.432826042175,0.499412357807,0.0
1625182260624232100,height,4,32,width,4,8,imag,2,2,0,0.000140870150062,0.0,-0.00244343234226,0.00682278862223,-0.00631536077708,0.00402810936794,-0.00570849794894,-0.00610449025407,-0.00244343234226,-0.00682278862223,0.379119843245,0.0,0.304486960173,0.237077102065,-0.202169001102,0.382300168276,-0.00631536077708,-0.00402810936794,0.304486960173,-0.237077102065,0.405978322029,0.0,0.0800345912576,0.435549765825,-0.00570849794894,0.00610449025407,-0.202169001102,-0.382300168276,0.0800345912576,-0.435549765825,0.503574490547,0.0
1625182260769256129,height,4,32,width,4,8,imag,2,2,0,0.000147719518282,0.0,-0.00259993434884,0.00691230595112,-0.00650640157983,0.00399381620809,-0.00573075190187,-0.00630158185959,-0.00259993434884,-0.00691230595112,0.375097453594,0.0,0.301305800676,0.235212534666,-0.198896080256,0.378838270903,-0.00650640157983,-0.00399381620809,0.301305800676,-0.235212534666,0.401705801487,0.0,0.0807182863355,0.430900901556,-0.00573075190187,0.00630158185959,-0.198896080256,-0.378838270903,0.0807182863355,-0.430900901556,0.498025536537,0.0
1625182260913555169,height,4,32,width,4,8,imag,2,2,0,8.39184504002e-05,0.0,-0.00147639098577,0.00396531773731,-0.00372114614584,0.00230167200789,-0.00335088372231,-0.00355074345134,-0.00147639098577,-0.00396531773731,0.21701528132,0.0,0.174253597856,0.136009737849,-0.111972875893,0.220822766423,-0.00372114614584,-0.00230167200789,0.174253597856,-0.136009737849,0.232518151402,0.0,0.0504602231085,0.248693659902,-0.00335088372231,0.00355074345134,-0.111972875893,-0.220822766423,0.0504602231085,-0.248693659902,0.288403898478,0.0
1625182261058827388,height,4,32,width,4,8,imag,2,2,0,4.18012113812e-08,0.0,-4.12481426793e-09,-2.44798226134e-09,-3.09072376581e-08,-9.04790375955e-09,-1.19220651129e-08,-1.27661738958e-08,-4.12481426793e-09,2.44798226134e-09,3.94384642277e-06,0.0,2.21846168103e-08,-1.0075794421e-07,7.42824539657e-08,-2.32783143872e-08,-3.09072376581e-08,9.04790375955e-09,2.21846168103e-08,1.0075794421e-07,4.66035771751e-06,0.0,3.50701299112e-07,1.20768419265e-07,-1.19220651129e-08,1.27661738958e-08,7.42824539657e-08,2.32783143872e-08,3.50701299112e-07,-1.20768419265e-07,5.36773040949e-06,0.0
1625182261202886935,height,4,32,width,4,8,imag,2,2,0,4.18524486179e-08,0.0,-2.73976863419e-09,-8.58899174006e-10,-2.89539876519e-08,-7.38462713201e-09,-1.71527378967e-08,-7.4603070388e-09,-2.73976863419e-09,8.58899174006e-10,3.94588596464e-06,0.0,4.25099955237e-08,-1.02910199473e-07,2.93567197218e-08,-3.63444563334e-08,-2.89539876519e-08,7.38462713201e-09,4.25099955237e-08,1.02910199473e-07,4.69533415526e-06,0.0,3.81766710689e-07,1.36486363544e-07,-1.71527378967e-08,7.4603070388e-09,2.93567197218e-08,3.63444563334e-08,3.81766710689e-07,-1.36486363544e-07,5.30503075424e-06,0.0
1625182261347351168,height,4,32,width,4,8,imag,2,2,0,4.19352446102e-08,0.0,1.78246983146e-11,-2.67230770845e-09,-2.87103869567e-08,-8.82768080857e-09,-1.20827952088e-08,-5.45967049348e-09,1.78246983146e-11,2.67230770845e-09,3.97097892346e-06,0.0,2.36106334484e-08,-1.32618126258e-07,1.8126252499e-08,-2.35742199095e-08,-2.87103869567e-08,8.82768080857e-09,2.36106334484e-08,1.32618126258e-07,4.61782656203e-06,0.0,3.02579934441e-07,1.06514079334e-07,-1.20827952088e-08,5.45967049348e-09,1.8126252499e-08,2.35742199095e-08,3.02579934441e-07,-1.06514079334e-07,5.35294793735e-06,0.0
1625182261491310423,height,4,32,width,4,8,imag,2,2,0,4.17063326097e-08,0.0,-1.42055944785e-09,-2.82878054314e-09,-2.77655303194e-08,-1.24953114522e-08,-1.42142191351e-08,-1.2399030247e-08,-1.42055944785e-09,2.82878054314e-09,3.96625137e-06,0.0,5.08793611687e-08,-6.59189893781e-08,5.92035327429e-08,-1.78329551126e-09,-2.77655303194e-08,1.24953114522e-08,5.08793611687e-08,6.59189893781e-08,4.59714101453e-06,0.0,3.31541087917e-07,9.92551747458e-08,-1.42142191351e-08,1.2399030247e-08,5.92035327429e-08,1.78329551126e-09,3.31541087917e-07,-9.92551747458e-08,5.33744287168e-06,0.0
1625182261636031413,height,4,32,width,4,8,imag,2,2,0,4.17306686984e-08,0.0,8.38522806745e-10,-1.29033406182e-09,-3.08299448193e-08,-8.12788147897e-09,-1.52016337296e-08,-9.92731674643e-09,8.38522806745e-10,1.29033406182e-09,3.97434860133e-06,0.0,3.63024952321e-08,-1.17670317934e-07,-4.79246375917e-09,-9.93467619281e-09,-3.08299448193e-08,8.12788147897e-09,3.63024952321e-08,1.17670317934e-07,4.64518780063e-06,0.0,2.95820655083e-07,9.78240137783e-08,-1.52016337296e-08,9.92731674643e-09,-4.79246375917e-09,9.93467619281e-09,2.95820655083e-07,-9.78240137783e-08,5.36927109351e-06,0.0
1625182261780376249,height,4,32,width,4,8,imag,2,2,0,4.19535801655e-08,0.0,1.90349336293e-09,-2.17505835565e-09,-2.76122573695e-08,-8.45854941645e-09,-1.04753787866e-08,-8.29021740145e-09,1.90349336293e-09,2.17505835565e-09,3.96748600906e-06,0.0,2.55758632051e-08,-1.03799699502e-07,7.02130176222e-09,-1.44684424441e-08,-2.76122573695e-08,8.45854941645e-09,2.55758632051e-08,1.03799699502e-07,4.61716308564e-06,0.0,3.07544212319e-07,6.23746529982e-08,-1.04753787866e-08,8.29021740145e-09,7.02130176222e-09,1.44684424441e-08,3.07544212319e-07,-6.23746529982e-08,5.3703370213e-06,0.0
1625182261925127762,height,4,32,width,4,8,imag,2,2,0,4.20651389277e-08,0.0,3.62273500087e-09,-1.29839705654e-09,-2.82230718796e-08,-9.35301169847e-09,-1.30231434525e-08,-1.20219860733e-08,3.62273500087e-09,1.29839705654e-09,3.94732524001e-06,0.0,2.35767338985e-09,-1.28501866925e-07,-3.95563475308e-08,6.32105701115e-09,-2.82230718796e-08,9.35301169847e-09,2.35767338985e-09,1.28501866925e-07,4.61690888187e-06,0.0,3.72852696273e-07,1.22135006109e-07,-1.30231434525e-08,1.20219860733e-08,-3.95563475308e-08,-6.32105701115e-09,3.72852696273e-07,-1.22135006109e-07,5.33250022272e-06,0.0
1625182262068957922,height,4,32,width,4,8,imag,2,2,0,4.15800869291e-08,0.0,3.35062033674e-10,-3.4445286623e-09,-2.73472657852e-08,-7.66514762773e-09,-1.23096119964e-08,-7.04054103906e-09,3.35062033674e-10,3.4445286623e-09,3.9766282498e-06,0.0,3.83591611808e-08,-8.01302277864e-08,5.56534196505e-08,-5.19210026084e-08,-2.73472657852e-08,7.66514762773e-09,3.83591611808e-08,8.01302277864e-08,4.63599235445e-06,0.0,3.33306559241e-07,1.30010150201e-07,-1.23096119964e-08,7.04054103906e-09,5.56534196505e-08,5.19210026084e-08,3.33306559241e-07,-1.30010150201e-07,5.32316289537e-06,0.0
1625182262213341725,height,4,32,width,4,8,imag,2,2,0,4.15537932952e-08,0.0,-2.11533390804e-09,-5.46289813386e-09,-2.59204799846e-08,-9.93984716757e-09,-1.65953384368e-08,-6.59214416387e-09,-2.11533390804e-09,5.46289813386e-09,3.97312896894e-06,0.0,3.30140323967e-08,-8.72851160238e-08,1.42873197717e-08,-1.61211755056e-08,-2.59204799846e-08,9.93984716757e-09,3.30140323967e-08,8.72851160238e-08,4.63697506348e-06,0.0,3.31791341068e-07,1.09249342017e-07,-1.65953384368e-08,6.59214416387e-09,1.42873197717e-08,1.61211755056e-08,3.31791341068e-07,-1.09249342017e-07,5.35467142981e-06,0.0
1625182262356812584,height,4,32,width,4,8,imag,2,2,0,4.1758777769e-08,0.0,-1.4508704238e-09,-1.94015203903e-09,-2.70948472547e-08,-1.05264685857e-08,-1.06879287642e-08,-1.0391476124e-08,-1.4508704238e-09,1.94015203903e-09,3.99580630983e-06,0.0,1.66901976684e-08,-6.86230094971e-08,7.78124142897e-09,-1.4567380191e-08,-2.70948472547e-08,1.05264685857e-08,1.66901976684e-08,6.86230094971e-08,4.61160107079e-06,0.0,2.90270776304e-07,1.26235534026e-07,-1.06879287642e-08,1.0391476124e-08,7.78124142897e-09,1.4567380191e-08,2.90270776304e-07,-1.26235534026e-07,5.27345082446e-06,0.0
1625182262500765783,height,4,32,width,4,8,imag,2,2,0,4.17787937579e-08,0.0,6.38270825082e-10,-2.75871547828e-09,-2.7985263884e-08,-9.44241751455e-09,-1.15013065738e-08,-5.98384319872e-09,6.38270825082e-10,2.75871547828e-09,3.95917004425e-06,0.0,3.15164676579e-08,-3.8795924695e-08,-7.99745869529e-09,-3.57153417951e-08,-2.7985263884e-08,9.44241751455e-09,3.15164676579e-08,3.8795924695e-08,4.5722467803e-06,0.0,3.62969871048e-07,8.82523565338e-08,-1.15013065738e-08,5.98384319872e-09,-7.99745869529e-09,3.57153417951e-08,3.62969871048e-07,-8.82523565338e-08,5.27457541466e-06,0.0
1625182262643883688,height,4,32,width,4,8,imag,2,2,0,4.19620391767e-08,0.0,-9.56619561343e-10,-4.39060343638e-09,-2.96176807524e-08,-9.42551281469e-09,-9.60408019779e-09,-1.11591820229e-08,-9.56619561343e-10,4.39060343638e-09,3.93416712541e-06,0.0,3.3505330066e-08,-9.06427573e-08,2.40831514731e-08,1.74533969499e-08,-2.96176807524e-08,9.42551281469e-09,3.3505330066e-08,9.06427573e-08,4.60717683382e-06,0.0,2.87901372076e-07,1.1563285085e-07,-9.60408019779e-09,1.11591820229e-08,2.40831514731e-08,-1.74533969499e-08,2.87901372076e-07,-1.1563285085e-07,5.32436479261e-06,0.0
1625182262788393670,height,4,32,width,4,8,imag,2,2,0,4.16188576935e-08,0.0,-7.87822862502e-11,-7.39184624621e-09,-2.96747462158e-08,-5.53027801331e-09,-1.71144307615e-08,-5.29371213531e-09,-7.87822862502e-11,7.39184624621e-09,3.96704535888e-06,0.0,5.63815447663e-08,-1.36791186378e-07,-1.36264111106e-08,3.93621002459e-09,-2.96747462158e-08,5.53027801331e-09,5.63815447663e-08,1.36791186378e-07,4.65536732008e-06,0.0,3.40877591043e-07,1.15896135355e-07,-1.71144307615e-08,5.29371213531e-09,-1.36264111106e-08,-3.93621002459e-09,3.40877591043e-07,-1.15896135355e-07,5.3872627177e-06,0.0
1625182262932203351,height,4,32,width,4,8,imag,2,2,0,4.18875636399e-08,0.0,9.73473412991e-10,-4.07497724453e-09,-2.90182669005e-08,-5.46976641758e-09,-1.52806780562e-08,-7.5819297507e-09,9.73473412991e-10,4.07497724453e-09,3.95993220081e-06,0.0,4.34818723249e-08,-6.69086190896e-08,-3.27836033875e-08,-2.5991722552e-08,-2.90182669005e-08,5.46976641758e-09,4.34818723249e-08,6.69086190896e-08,4.65355469714e-06,0.0,2.92821312087e-07,1.90875567796e-07,-1.52806780562e-08,7.5819297507e-09,-3.27836033875e-08,2.5991722552e-08,2.92821312087e-07,-1.90875567796e-07,5.33794218427e-06,0.0
1625182263076055475,height,4,32,width,4,8,imag,2,2,0,4.21507913018e-08,0.0,-1.30988431213e-09,-2.30001306889e-09,-3.07248733122e-08,-1.02903232602e-08,-1.72157186284e-08,-4.73150141289e-09,-1.30988431213e-09,2.30001306889e-09,3.9583378566e-06,0.0,-6.95412527563e-09,-1.39098020213e-07,4.69124916691e-09,-5.499662592e-08,-3.07248733122e-08,1.02903232602e-08,-6.95412527563e-09,1.39098020213e-07,4.60397177449e-06,0.0,3.31253914965e-07,1.18181638697e-07,-1.72157186284e-08,4.73150141289e-09,4.69124916691e-09,5.499662592e-08,3.31253914965e-07,-1.18181638697e-07,5.33832781002e-06,0.0
1625182263193500969,height,4,32,width,4,8,imag,2,2,0,4.16404262182e-08,0.0,3.08955017125e-09,-4.02030186919e-09,-2.56515466646e-08,-7.24327398061e-09,-1.56297694787e-08,-5.79813397295e-09,3.08955017125e-09,4.02030186919e-09,3.93901700591e-06,0.0,2.0214027785e-08,-9.73595959408e-08,-5.04963715287e-09,-5.08669595334e-09,-2.56515466646e-08,7.24327398061e-09,2.0214027785e-08,9.73595959408e-08,4.61871695734e-06,0.0,3.06582592202e-07,1.30918820673e-07,-1.56297694787e-08,5.79813397295e-09,-5.04963715287e-09,5.08669595334e-09,3.06582592202e-07,-1.30918820673e-07,5.3216122069e-06,0.0
1625182263276342312,height,4,32,width,4,8,imag,2,2,0,4.17490291227e-08,0.0,-1.93254234837e-09,1.67954913866e-10,-2.84436190157e-08,-7.94372123636e-09,-1.23656631601e-08,-7.20259096809e-09,-1.93254234837e-09,-1.67954913866e-10,3.95206598114e-06,0.0,3.26278772889e-08,-1.08969295809e-07,2.4728214143e-08,-3.28590155085e-09,-2.84436190157e-08,7.94372123636e-09,3.26278772889e-08,1.08969295809e-07,4.57550277133e-06,0.0,2.63570768766e-07,7.3728017469e-08,-1.23656631601e-08,7.20259096809e-09,2.4728214143e-08,3.28590155085e-09,2.63570768766e-07,-7.3728017469e-08,5.36903098691e-06,0.0
1625182263360745185,height,4,32,width,4,8,imag,2,2,0,4.20592947137e-08,0.0,-3.47671269552e-09,-2.04124694925e-09,-3.09818304345e-08,-7.27894322594e-09,-1.3404836352e-08,-7.46873762836e-09,-3.47671269552e-09,2.04124694925e-09,3.95126289732e-06,0.0,1.93490361511e-08,-1.12248997652e-07,3.07540553024e-08,-2.63604924555e-08,-3.09818304345e-08,7.27894322594e-09,1.93490361511e-08,1.12248997652e-07,4.59178136225e-06,0.0,3.39265199045e-07,1.45856020595e-07,-1.3404836352e-08,7.46873762836e-09,3.07540553024e-08,2.63604924555e-08,3.39265199045e-07,-1.45856020595e-07,5.31664272785e-06,0.0
1625182263446154365,height,4,32,width,4,8,imag,2,2,0,4.23297130681e-08,0.0,1.7603241087e-09,-4.96905716574e-09,-2.65219259887e-08,-5.91931348382e-09,-1.38625466661e-08,-8.13539635658e-09,1.7603241087e-09,4.96905716574e-09,3.94177777707e-06,0.0,5.23199332747e-08,-1.20009758575e-07,1.45033061116e-08,-9.57786028266e-09,-2.65219259887e-08,5.91931348382e-09,5.23199332747e-08,1.20009758575e-07,4.61834406451e-06,0.0,3.32940317094e-07,1.27212373968e-07,-1.38625466661e-08,8.13539635658e-09,1.45033061116e-08,9.57786028266e-09,3.32940317094e-07,-1.27212373968e-07,5.31502291778e-06,0.0
1625182263530858993,height,4,32,width,4,8,imag,2,2,0,4.15792484887e-08,0.0,2.48757636712e-09,-4.66227012552e-09,-3.02444611577e-08,-8.23460588606e-09,-1.6497516242e-08,-3.65759489362e-09,2.48757636712e-09,4.66227012552e-09,3.96399718738e-06,0.0,3.7868701952e-08,-6.99040043628e-08,8.88905216101e-09,-5.15924121203e-08,-3.02444611577e-08,8.23460588606e-09,3.7868701952e-08,6.99040043628e-08,4.68597636427e-06,0.0,3.24890010006e-07,9.04866652718e-08,-1.6497516242e-08,3.65759489362e-09,8.88905216101e-09,5.15924121203e-08,3.24890010006e-07,-9.04866652718e-08,5.38673793926e-06,0.0
1625182263616842668,height,4,32,width,4,8,imag,2,2,0,4.13623091333e-08,0.0,5.61220903084e-10,-2.95116131532e-09,-2.85178511916e-08,-6.279255782e-09,-1.33912010369e-08,-1.01913268935e-08,5.61220903084e-10,2.95116131532e-09,3.90660989069e-06,0.0,2.63123851596e-08,-8.99260115261e-08,1.43753871029e-08,-5.76200029911e-08,-2.85178511916e-08,6.279255782e-09,2.63123851596e-08,8.99260115261e-08,4.65531866212e-06,0.0,3.36854554916e-07,1.07611533906e-07,-1.33912010369e-08,1.01913268935e-08,1.43753871029e-08,5.76200029911e-08,3.36854554916e-07,-1.07611533906e-07,5.43802207176e-06,0.0
1625182263701725091,height,4,32,width,4,8,imag,2,2,0,4.1827220798e-08,0.0,-1.79599479733e-09,-4.09464639972e-09,-2.83679781887e-08,-5.54218981819e-09,-1.48363659136e-08,-4.12122291849e-09,-1.79599479733e-09,4.09464639972e-09,3.98817746827e-06,0.0,5.93460072196e-08,-9.04573553839e-08,3.73217403649e-08,-5.86863215801e-08,-2.83679781887e-08,5.54218981819e-09,5.93460072196e-08,9.04573553839e-08,4.58773729406e-06,0.0,3.1938589018e-07,1.14332088685e-07,-1.48363659136e-08,4.12122291849e-09,3.73217403649e-08,5.86863215801e-08,3.1938589018e-07,-1.14332088685e-07,5.40993687537e-06,0.0
1625182263787405439,height,4,32,width,4,8,imag,2,2,0,4.17110861406e-08,0.0,2.61833510429e-09,-5.09453057518e-09,-3.16560004876e-08,-3.481170463e-09,-1.57476289786e-08,-9.00043506391e-09,2.61833510429e-09,5.09453057518e-09,3.96510358769e-06,0.0,3.51698261625e-08,-1.08892066919e-07,1.65507234584e-08,-6.38702815081e-08,-3.16560004876e-08,3.481170463e-09,3.51698261625e-08,1.08892066919e-07,4.60545743408e-06,0.0,3.1313669524e-07,9.82507160074e-08,-1.57476289786e-08,9.00043506391e-09,1.65507234584e-08,6.38702815081e-08,3.1313669524e-07,-9.82507160074e-08,5.37903451914e-06,0.0
1625182263877507517,height,4,32,width,4,8,imag,2,2,0,4.14236289714e-08,0.0,3.2312310605e-09,-4.9936623725e-09,-2.68789523972e-08,-6.56239196317e-09,-1.38962192864e-08,-7.29878468775e-09,3.2312310605e-09,4.9936623725e-09,3.97533040086e-06,0.0,1.24274581736e-08,-6.60675567588e-08,8.20448509131e-09,3.81923692672e-09,-2.68789523972e-08,6.56239196317e-09,1.24274581736e-08,6.60675567588e-08,4.64173808723e-06,0.0,3.42811944165e-07,1.28616875372e-07,-1.38962192864e-08,7.29878468775e-09,8.20448509131e-09,-3.81923692672e-09,3.42811944165e-07,-1.28616875372e-07,5.36631659998e-06,0.0
1625182264028655064,height,4,32,width,4,8,imag,2,2,0,9.47135413298e-05,0.0,-0.00138763652649,0.00493435747921,-0.00426928466186,0.00315034505911,-0.0042852316983,-0.00408352445811,-0.00138763652649,-0.00493435747921,0.282256782055,0.0,0.226737231016,0.17720104754,-0.154042750597,0.283290833235,-0.00426928466186,-0.00315034505911,0.226737231016,-0.17720104754,0.303063750267,0.0,0.0563674457371,0.325677067041,-0.0042852316983,0.00408352445811,-0.154042750597,-0.283290833235,0.0563674457371,-0.325677067041,0.375494509935,0.0
1625182264155781953,height,4,32,width,4,8,imag,2,2,0,0.000126991813886,0.0,-0.00197565415874,0.00658790720627,-0.00578912068158,0.00411724392325,-0.00577313639224,-0.00545021984726,-0.00197565415874,-0.00658790720627,0.378976196051,0.0,0.304144114256,0.237690702081,-0.198456004262,0.384160548449,-0.00578912068158,-0.00411724392325,0.304144114256,-0.237690702081,0.405088186264,0.0,0.0846071764827,0.434533774853,-0.00577313639224,0.00545021984726,-0.198456004262,-0.384160548449,0.0846071764827,-0.434533774853,0.504057765007,0.0
1625182264276106311,height,4,32,width,4,8,imag,2,2,0,0.000120854048873,0.0,-0.0018179792678,0.00644520623609,-0.00556372106075,0.00410651043057,-0.00556591665372,-0.00536690745503,-0.0018179792678,-0.00644520623609,0.377761095762,0.0,0.303206086159,0.236430004239,-0.208438947797,0.377702653408,-0.00556372106075,-0.00410651043057,0.303206086159,-0.236430004239,0.403667896986,0.0,0.0719590336084,0.435371279716,-0.00556591665372,0.00536690745503,-0.208438947797,-0.377702653408,0.0719590336084,-0.435371279716,0.502583146095,0.0
1625182264406721302,height,4,32,width,4,8,imag,2,2,0,0.000121334684081,0.0,-0.00180403969716,0.00645143771544,-0.0055563938804,0.00414661597461,-0.00566214090213,-0.00526941986755,-0.00180403969716,-0.00645143771544,0.376459985971,0.0,0.303203076124,0.235033363104,-0.201610952616,0.37952914834,-0.0055563938804,-0.00414661597461,0.303203076124,-0.235033363104,0.404079705477,0.0,0.0776847526431,0.433480083942,-0.00566214090213,0.00526941986755,-0.201610952616,-0.37952914834,0.0776847526431,-0.433480083942,0.500628888607,0.0
1625182264540382271,height,4,32,width,4,8,imag,2,2,0,0.000124780344777,0.0,-0.0018728512805,0.00653623091057,-0.00565789453685,0.0041544935666,-0.00571246957406,-0.00538514554501,-0.0018728512805,-0.00653623091057,0.377395689487,0.0,0.303013890982,0.235558316112,-0.20203101635,0.380019932985,-0.00565789453685,-0.0041544935666,0.303013890982,-0.235558316112,0.403044521809,0.0,0.0780103951693,0.433103173971,-0.00571246957406,0.00538514554501,-0.20203101635,-0.380019932985,0.0780103951693,-0.433103173971,0.501405477524,0.0
1625182264662361351,height,4,32,width,4,8,imag,2,2,0,0.000131799082737,0.0,-0.00208919728175,0.00670232437551,-0.00592799298465,0.00415412010625,-0.00570149114355,-0.00574909942225,-0.00208919728175,-0.00670232437551,0.380211770535,0.0,0.305123537779,0.236714825034,-0.207198545337,0.381094604731,-0.00592799298465,-0.00415412010625,0.305123537779,-0.236714825034,0.405014097691,0.0,0.0739526972175,0.436749607325,-0.00570149114355,0.00574909942225,-0.207198545337,-0.381094604731,0.0739526972175,-0.436749607325,0.504656732082,0.0
1625182264797822505,height,4,32,width,4,8,imag,2,2,0,0.000132157583721,0.0,-0.00218316237442,0.00661416165531,-0.00595910940319,0.00406029028818,-0.00562545703724,-0.00573728233576,-0.00218316237442,-0.00661416165531,0.373358905315,0.0,0.301944553852,0.232466742396,-0.199427962303,0.376266688108,-0.00595910940319,-0.00406029028818,0.301944553852,-0.232466742396,0.400911182165,0.0,0.0758437737823,0.430336266756,-0.00562545703724,0.00573728233576,-0.199427962303,-0.376266688108,0.0758437737823,-0.430336266756,0.495579957962,0.0
1625182264918856701,height,4,32,width,4,8,imag,2,2,0,0.000134216301376,0.0,-0.00229524960741,0.0066693322733,-0.00608676904812,0.00400947919115,-0.00572165939957,-0.00578866014257,-0.00229524960741,-0.0066693322733,0.377101659775,0.0,0.303565889597,0.235146522522,-0.195200502872,0.383097618818,-0.00608676904812,-0.00400947919115,0.303565889597,-0.235146522522,0.403468489647,0.0,0.0849984139204,0.432158231735,-0.00572165939957,0.00578866014257,-0.195200502872,-0.383097618818,0.0849984139204,-0.432158231735,0.500868082047,0.0
1625182265048250694,height,4,32,width,4,8,imag,2,2,0,0.000129754233058,0.0,-0.00234294473194,0.00654071150348,-0.00604674080387,0.0038924945984,-0.00551389157772,-0.00581108173355,-0.00234294473194,-0.00654071150348,0.378404229879,0.0,0.305485606194,0.235748901963,-0.199092909694,0.382959544659,-0.00604674080387,-0.0038924945984,0.305485606194,-0.235748901963,0.406276196241,0.0,0.0811852067709,0.435329496861,-0.00551389157772,0.00581108173355,-0.199092909694,-0.382959544659,0.0811852067709,-0.435329496861,0.50230973959,0.0
1625182265173716476,height,4,32,width,4,8,imag,2,2,0,0.000131640117615,0.0,-0.0025224306155,0.00650244764984,-0.00616518920287,0.0037623133976,-0.00543865188956,-0.00592227140442,-0.0025224306155,-0.00650244764984,0.375756442547,0.0,0.304035365582,0.233569413424,-0.193846613169,0.382164239883,-0.00616518920287,-0.0037623133976,0.304035365582,-0.233569413424,0.403853207827,0.0,0.0841281786561,0.431839704514,-0.00543865188956,0.00592227140442,-0.193846613169,-0.382164239883,0.0841281786561,-0.431839704514,0.498831123114,0.0
1625182265304367506,height,4,32,width,4,8,imag,2,2,0,1.6448717588e-06,0.0,-3.54410040018e-05,7.21853139112e-05,-7.46386140236e-05,3.71709174942e-05,-6.33975942037e-05,-6.77006901242e-05,-3.54410040018e-05,-7.21853139112e-05,0.00409028399736,0.0,0.00327801378444,0.00252377311699,-0.00169517809991,0.00435917358845,-7.46386140236e-05,-3.71709174942e-05,0.00327801378444,-0.00252377311699,0.00441861897707,0.0,0.00142814801075,0.00460270047188,-6.33975942037e-05,6.77006901242e-05,-0.00169517809991,-0.00435917358845,0.00142814801075,-0.00460270047188,0.00542067736387,0.0
1625182265425915069,height,4,32,width,4,8,imag,2,2,0,4.10615683677e-08,0.0,1.14765674741e-09,-2.15909778944e-09,-2.8146626363e-08,-8.67801119853e-09,-1.145145756e-08,-1.17404157507e-08,1.14765674741e-09,2.15909778944e-09,3.9589226617e-06,0.0,4.78055426356e-08,-9.97284175241e-08,-1.07040074582e-08,2.26548220184e-08,-2.8146626363e-08,8.67801119853e-09,4.78055426356e-08,9.97284175241e-08,4.65227640234e-06,0.0,2.75425549034e-07,1.3003624133e-07,-1.145145756e-08,1.17404157507e-08,-1.07040074582e-08,-2.26548220184e-08,2.75425549034e-07,-1.3003624133e-07,5.32360536454e-06,0.0
1625182265555429898,height,4,32,width,4,8,imag,2,2,0,4.17503578376e-08,0.0,-2.65936050958e-09,-3.02551739217e-09,-2.8400391372e-08,-7.07187819415e-09,-1.08326707604e-08,-1.0358188085e-08,-2.65936050958e-09,3.02551739217e-09,3.97004259867e-06,0.0,3.84650924445e-08,-9.14424944654e-08,3.36992620475e-08,1.76383121442e-08,-2.8400391372e-08,7.07187819415e-09,3.84650924445e-08,9.14424944654e-08,4.63675132778e-06,0.0,3.17078132639e-07,9.75683818183e-08,-1.08326707604e-08,1.0358188085e-08,3.36992620475e-08,-1.76383121442e-08,3.17078132639e-07,-9.75683818183e-08,5.37318146598e-06,0.0
1625182265682747077,height,4,32,width,4,8,imag,2,2,0,4.17432914901e-08,0.0,1.09511366642e-09,-1.38004030426e-09,-2.76197678062e-08,-6.00622351854e-09,-1.09025002359e-08,-9.48615319629e-09,1.09511366642e-09,1.38004030426e-09,3.93437812818e-06,0.0,-7.33849958579e-09,-1.16024388319e-07,-8.55589377124e-09,-3.4090522405e-08,-2.76197678062e-08,6.00622351854e-09,-7.33849958579e-09,1.16024388319e-07,4.56040424979e-06,0.0,3.47933365674e-07,5.45526539497e-08,-1.09025002359e-08,9.48615319629e-09,-8.55589377124e-09,3.4090522405e-08,3.47933365674e-07,-5.45526539497e-08,5.38603399036e-06,0.0
1625182265811778775,height,4,32,width,4,8,imag,2,2,0,4.15329388659e-08,0.0,2.45647302499e-09,-5.50356826778e-09,-2.58117491825e-08,-1.11522515667e-08,-1.2375847902e-08,-7.04155311837e-09,2.45647302499e-09,5.50356826778e-09,3.97431404053e-06,0.0,2.59368810873e-08,-1.49068611677e-07,-1.81157204793e-08,-1.63124713737e-08,-2.58117491825e-08,1.11522515667e-08,2.59368810873e-08,1.49068611677e-07,4.61004901808e-06,0.0,3.27746533912e-07,2.72188138695e-08,-1.2375847902e-08,7.04155311837e-09,-1.81157204793e-08,1.63124713737e-08,3.27746533912e-07,-2.72188138695e-08,5.29033968633e-06,0.0
1625182265938283366,height,4,32,width,4,8,imag,2,2,0,4.18703685057e-08,0.0,-7.37162220155e-10,-3.85720211327e-09,-3.18952686484e-08,-1.00867341146e-08,-1.04653876676e-08,-5.46660627876e-09,-7.37162220155e-10,3.85720211327e-09,4.01265288019e-06,0.0,4.60800784197e-08,-5.13340872033e-08,2.75782472414e-08,-2.93152080388e-08,-3.18952686484e-08,1.00867341146e-08,4.60800784197e-08,5.13340872033e-08,4.64324784843e-06,0.0,2.77140088656e-07,9.49264631345e-08,-1.04653876676e-08,5.46660627876e-09,2.75782472414e-08,2.93152080388e-08,2.77140088656e-07,-9.49264631345e-08,5.32003105036e-06,0.0
1625182266067334405,height,4,32,width,4,8,imag,2,2,0,4.15110932295e-08,0.0,1.11116593704e-09,-2.34657471232e-09,-3.02525968721e-08,-7.73060016002e-09,-1.06216768714e-08,-8.50338111036e-09,1.11116593704e-09,2.34657471232e-09,3.96365794586e-06,0.0,7.17048962429e-08,-8.33287927549e-08,3.15063957146e-08,1.07086806089e-09,-3.02525968721e-08,7.73060016002e-09,7.17048962429e-08,8.33287927549e-08,4.59745115222e-06,0.0,3.00494320982e-07,6.90652797175e-08,-1.06216768714e-08,8.50338111036e-09,3.15063957146e-08,-1.07086806089e-09,3.00494320982e-07,-6.90652797175e-08,5.35294202564e-06,0.0
1625182266200416447,height,4,32,width,4,8,imag,2,2,0,4.18691747939e-08,0.0,7.63872243237e-10,-1.94835747536e-09,-2.7387024204e-08,-9.34927157914e-09,-1.43871323743e-08,-6.99590563258e-09,7.63872243237e-10,1.94835747536e-09,3.99945292884e-06,0.0,3.17827826279e-08,-1.41768225603e-07,-6.97584268128e-10,-3.50829694185e-08,-2.7387024204e-08,9.34927157914e-09,3.17827826279e-08,1.41768225603e-07,4.57921350971e-06,0.0,3.0638170756e-07,8.15484639816e-08,-1.43871323743e-08,6.99590563258e-09,-6.97584268128e-10,3.50829694185e-08,3.0638170756e-07,-8.15484639816e-08,5.37485857421e-06,0.0
1625182266322863266,height,4,32,width,4,8,imag,2,2,0,4.19954204744e-08,0.0,2.10862260985e-09,-4.10067624301e-09,-2.62081396585e-08,-8.85068374146e-09,-1.34369928517e-08,-8.3296107789e-09,2.10862260985e-09,4.10067624301e-09,3.9811170609e-06,0.0,7.60288969559e-08,-9.75587184371e-08,4.34680345052e-08,-3.0610138424e-08,-2.62081396585e-08,8.85068374146e-09,7.60288969559e-08,9.75587184371e-08,4.61249055661e-06,0.0,2.45251470687e-07,1.04619871877e-07,-1.34369928517e-08,8.3296107789e-09,4.34680345052e-08,3.0610138424e-08,2.45251470687e-07,-1.04619871877e-07,5.31599516762e-06,0.0
1625182266450196415,height,4,32,width,4,8,imag,2,2,0,4.16976106976e-08,0.0,-1.41739375792e-09,-1.22342469489e-09,-2.7524407642e-08,-7.51497708507e-09,-1.48277869982e-08,-7.87522935752e-09,-1.41739375792e-09,1.22342469489e-09,3.95641018258e-06,0.0,5.20477438926e-09,-6.86671270955e-08,4.31485922547e-08,-3.16023260893e-08,-2.7524407642e-08,7.51497708507e-09,5.20477438926e-09,6.86671270955e-08,4.57191572423e-06,0.0,3.42606568893e-07,1.21470435488e-07,-1.48277869982e-08,7.87522935752e-09,4.31485922547e-08,3.16023260893e-08,3.42606568893e-07,-1.21470435488e-07,5.32624198968e-06,0.0
1625182266585475423,height,4,32,width,4,8,imag,2,2,0,4.16055385699e-08,0.0,-2.49661874507e-10,7.34321325968e-10,-2.75174709685e-08,-7.61243068581e-09,-1.36053150968e-08,-8.00096433551e-09,-2.49661874507e-10,-7.34321325968e-10,3.93078471461e-06,0.0,3.25280034019e-08,-3.81904143865e-08,4.27597726116e-08,2.22550450291e-10,-2.75174709685e-08,7.61243068581e-09,3.25280034019e-08,3.81904143865e-08,4.61852914668e-06,0.0,3.08552841943e-07,1.11918019741e-07,-1.36053150968e-08,8.00096433551e-09,4.27597726116e-08,-2.22550450291e-10,3.08552841943e-07,-1.11918019741e-07,5.37381902177e-06,0.0
1625182266706456722,height,4,32,width,4,8,imag,2,2,0,4.20684429514e-08,0.0,-1.29112409653e-09,-5.8868208086e-09,-3.15458876798e-08,-6.36217256655e-09,-1.30860016156e-08,-6.94682800173e-09,-1.29112409653e-09,5.8868208086e-09,3.95914594264e-06,0.0,9.60536716832e-09,-1.28427998902e-07,2.15042277318e-08,-7.46836870125e-10,-3.15458876798e-08,6.36217256655e-09,9.60536716832e-09,1.28427998902e-07,4.68724010716e-06,0.0,3.15611629276e-07,1.12334788582e-07,-1.30860016156e-08,6.94682800173e-09,2.15042277318e-08,7.46836870125e-10,3.15611629276e-07,-1.12334788582e-07,5.35153867531e-06,0.0
1625182266838668664,height,4,32,width,4,8,imag,2,2,0,4.1964021591e-08,0.0,7.57173435062e-10,-7.32973592932e-09,-3.13175583244e-08,-9.21269638354e-09,-8.76461836441e-09,-1.03131494456e-08,7.57173435062e-10,7.32973592932e-09,4.0397903831e-06,0.0,2.34802257637e-08,-1.31920629087e-07,-7.20088966233e-09,-6.27205167802e-08,-3.13175583244e-08,9.21269638354e-09,2.34802257637e-08,1.31920629087e-07,4.62443313154e-06,0.0,2.77261563042e-07,7.16328329986e-08,-8.76461836441e-09,1.03131494456e-08,-7.20088966233e-09,6.27205167802e-08,2.77261563042e-07,-7.16328329986e-08,5.33743286724e-06,0.0
1625182266962816832,height,4,32,width,4,8,imag,2,2,0,4.17949763687e-08,0.0,-6.19329421081e-10,1.35222000264e-10,-2.93970607856e-08,-1.05569748499e-08,-1.248733561e-08,-1.12161844257e-08,-6.19329421081e-10,-1.35222000264e-10,3.93290338252e-06,0.0,5.45597522716e-08,-8.35609341721e-08,5.44563638627e-09,2.54734242588e-08,-2.93970607856e-08,1.05569748499e-08,5.45597522716e-08,8.35609341721e-08,4.67268091597e-06,0.0,3.14250343081e-07,1.01219946202e-07,-1.248733561e-08,1.12161844257e-08,5.44563638627e-09,-2.54734242588e-08,3.14250343081e-07,-1.01219946202e-07,5.31448768015e-06,0.0
1625182267091518745,height,4,32,width,4,8,imag,2,2,0,4.16472509812e-08,0.0,1.83532089526e-09,-4.72780659067e-09,-2.95631803482e-08,-9.62902202417e-09,-1.58958854968e-08,-9.36620203618e-09,1.83532089526e-09,4.72780659067e-09,3.9753240344e-06,0.0,6.31875209933e-08,-4.21343493429e-08,3.47441080351e-08,3.96764825439e-08,-2.95631803482e-08,9.62902202417e-09,6.31875209933e-08,4.21343493429e-08,4.63689411845e-06,0.0,3.16238100595e-07,1.21117210483e-07,-1.58958854968e-08,9.36620203618e-09,3.47441080351e-08,-3.96764825439e-08,3.16238100595e-07,-1.21117210483e-07,5.28035252501e-06,0.0
1625182267218112079,height,4,32,width,4,8,imag,2,2,0,4.16791294811e-08,0.0,-2.51257070705e-10,-1.5960710531e-09,-3.04890015457e-08,-9.53769330181e-09,-9.2002565566e-09,-1.05083710622e-08,-2.51257070705e-10,1.5960710531e-09,3.89538854506e-06,0.0,1.53504657874e-08,-1.01250073214e-07,-2.4548278077e-08,-2.37325306074e-08,-3.04890015457e-08,9.53769330181e-09,1.53504657874e-08,1.01250073214e-07,4.63342530566e-06,0.0,2.97976100683e-07,1.01392913621e-07,-9.2002565566e-09,1.05083710622e-08,-2.4548278077e-08,2.37325306074e-08,2.97976100683e-07,-1.01392913621e-07,5.34172022526e-06,0.0
1625182267350753486,height,4,32,width,4,8,imag,2,2,0,4.17436858413e-08,0.0,2.40067365986e-09,-9.62819490802e-10,-3.12785140011e-08,-1.09272848547e-08,-1.56754715874e-08,-8.12576939069e-09,2.40067365986e-09,9.62819490802e-10,3.92809488403e-06,0.0,5.42867262254e-08,-7.17301062991e-08,-1.5271343079e-09,4.37996527936e-09,-3.12785140011e-08,1.09272848547e-08,5.42867262254e-08,7.17301062991e-08,4.6102086344e-06,0.0,3.12562690397e-07,7.29178850634e-08,-1.56754715874e-08,8.12576939069e-09,-1.5271343079e-09,-4.37996527936e-09,3.12562690397e-07,-7.29178850634e-08,5.32427020516e-06,0.0
1625182267470796281,height,4,32,width,4,8,imag,2,2,0,4.18341308261e-08,0.0,1.1025214075e-09,-1.1250519405e-09,-2.25066330017e-08,-8.60828119897e-09,-1.09691802308e-08,-7.97665578034e-09,1.1025214075e-09,1.1250519405e-09,3.97461826651e-06,0.0,-1.54678425623e-09,-1.06360083407e-07,-2.6869747316e-08,-2.12570832048e-08,-2.25066330017e-08,8.60828119897e-09,-1.54678425623e-09,1.06360083407e-07,4.70358509119e-06,0.0,3.56555375447e-07,9.65592974467e-08,-1.09691802308e-08,7.97665578034e-09,-2.6869747316e-08,2.12570832048e-08,3.56555375447e-07,-9.65592974467e-08,5.33132197233e-06,0.0
1625182267600137670,height,4,32,width,4,8,imag,2,2,0,4.21065315948e-08,0.0,1.14542575425e-09,-3.76470143948e-09,-2.60489763093e-08,-4.96302199338e-09,-1.21826237987e-08,-9.95029125761e-09,1.14542575425e-09,3.76470143948e-09,3.93367554352e-06,0.0,5.27296606379e-08,-1.08334361926e-07,3.2440723885e-08,1.18020198059e-08,-2.60489763093e-08,4.96302199338e-09,5.27296606379e-08,1.08334361926e-07,4.61660738438e-06,0.0,3.00830720334e-07,6.21462987738e-08,-1.21826237987e-08,9.95029125761e-09,3.2440723885e-08,-1.18020198059e-08,3.00830720334e-07,-6.21462987738e-08,5.40155542694e-06,0.0
1625182267727203259,height,4,32,width,4,8,imag,2,2,0,4.15649310526e-08,0.0,-3.43070398479e-11,-4.02855793169e-09,-2.82921153172e-08,-4.11227807362e-09,-1.45610750124e-08,-9.62894031176e-09,-3.43070398479e-11,4.02855793169e-09,3.94089056499e-06,0.0,1.7742406655e-08,-9.97477940246e-08,5.79617633889e-08,-4.21453520971e-08,-2.82921153172e-08,4.11227807362e-09,1.7742406655e-08,9.97477940246e-08,4.61511444882e-06,0.0,3.05590674543e-07,8.20370615884e-08,-1.45610750124e-08,9.62894031176e-09,5.79617633889e-08,4.21453520971e-08,3.05590674543e-07,-8.20370615884e-08,5.31945170223e-06,0.0
1625182267856549241,height,4,32,width,4,8,imag,2,2,0,4.14296010831e-08,0.0,3.9877859348e-10,1.66763464149e-10,-3.12955599213e-08,-7.48057171762e-09,-1.38398945637e-08,-8.04800670551e-09,3.9877859348e-10,-1.66763464149e-10,3.9211740841e-06,0.0,1.04745673468e-07,-1.12248578432e-07,-2.23729479387e-08,2.56873500248e-09,-3.12955599213e-08,7.48057171762e-09,1.04745673468e-07,1.12248578432e-07,4.6820496209e-06,0.0,3.46731980017e-07,1.21690476362e-07,-1.38398945637e-08,8.04800670551e-09,-2.23729479387e-08,-2.56873500248e-09,3.46731980017e-07,-1.21690476362e-07,5.29205135535e-06,0.0
1625182267989840039,height,4,32,width,4,8,imag,2,2,0,4.20348413854e-08,0.0,-1.36423261576e-09,-1.8333602414e-09,-2.93714847999e-08,-9.94049376146e-09,-1.42183100849e-08,-1.16681038165e-08,-1.36423261576e-09,1.8333602414e-09,3.9150199882e-06,0.0,4.62824658598e-08,-1.3820829281e-07,2.43324649318e-08,-3.19377697622e-08,-2.93714847999e-08,9.94049376146e-09,4.62824658598e-08,1.3820829281e-07,4.64166942038e-06,0.0,3.10529571834e-07,6.72616451425e-08,-1.42183100849e-08,1.16681038165e-08,2.43324649318e-08,3.19377697622e-08,3.10529571834e-07,-6.72616451425e-08,5.29436738361e-06,0.0
1625182268112380142,height,4,32,width,4,8,imag,2,2,0,4.18418331094e-08,0.0,-1.51536860837e-09,-5.37154365432e-09,-2.83816579127e-08,-6.58548637844e-09,-1.28166899316e-08,-8.91859741614e-09,-1.51536860837e-09,5.37154365432e-09,3.91625098928e-06,0.0,3.80950062606e-08,-7.81469253752e-08,9.7616572603e-09,-2.8659243867e-08,-2.83816579127e-08,6.58548637844e-09,3.80950062606e-08,7.81469253752e-08,4.61364970761e-06,0.0,3.914002491e-07,1.10777307327e-07,-1.28166899316e-08,8.91859741614e-09,9.7616572603e-09,2.8659243867e-08,3.914002491e-07,-1.10777307327e-07,5.32521789864e-06,0.0
1625182268245452887,height,4,32,width,4,8,imag,2,2,0,4.1969418163e-08,0.0,-2.38439962219e-10,-2.14931650255e-09,-3.13333146096e-08,-1.05212123458e-08,-1.25773178539e-08,-1.11206643894e-08,-2.38439962219e-10,2.14931650255e-09,3.96276982428e-06,0.0,3.29281419909e-08,-1.21160596223e-07,1.14841194332e-08,-6.23593976457e-09,-3.13333146096e-08,1.05212123458e-08,3.29281419909e-08,1.21160596223e-07,4.60163937532e-06,0.0,3.51808807864e-07,1.04274043622e-07,-1.25773178539e-08,1.11206643894e-08,1.14841194332e-08,6.23593976457e-09,3.51808807864e-07,-1.04274043622e-07,5.33768479727e-06,0.0
1625182268368239474,height,4,32,width,4,8,imag,2,2,0,4.17106420514e-08,0.0,-1.83526560615e-09,-1.07611897171e-09,-2.72272870916e-08,-9.26695875592e-09,-7.27194970906e-09,-5.42241229695e-09,-1.83526560615e-09,1.07611897171e-09,3.94448989027e-06,0.0,6.84230911929e-08,-9.13650950451e-08,1.39161775436e-08,-8.74571348675e-09,-2.72272870916e-08,9.26695875592e-09,6.84230911929e-08,9.13650950451e-08,4.61038689537e-06,0.0,2.97625120993e-07,1.11952211057e-07,-7.27194970906e-09,5.42241229695e-09,1.39161775436e-08,8.74571348675e-09,2.97625120993e-07,-1.11952211057e-07,5.35589424544e-06,0.0
1625182268501814434,height,4,32,width,4,8,imag,2,2,0,6.45141481073e-05,0.0,-0.00116085202899,0.00331316981465,-0.00302417320199,0.00199258606881,-0.00280355243012,-0.00291413650848,-0.00116085202899,-0.00331316981465,0.194323003292,0.0,0.156780064106,0.120029300451,-0.102128349245,0.196581020951,-0.00302417320199,-0.00199258606881,0.156780064106,-0.120029300451,0.207204550505,0.0,0.0406903363764,0.222759366035,-0.00280355243012,0.00291413650848,-0.102128349245,-0.196581020951,0.0406903363764,-0.222759366035,0.257623523474,0.0
1625182268625219752,height,4,32,width,4,8,imag,2,2,0,0.000127055114717,0.0,-0.00259573478252,0.00639802962542,-0.00611935276538,0.00367551203817,-0.00522586749867,-0.00600082194433,-0.00259573478252,-0.00639802962542,0.381899595261,0.0,0.310480326414,0.234335884452,-0.201307609677,0.386139303446,-0.00611935276538,-0.00367551203817,0.310480326414,-0.234335884452,0.409025728703,0.0,0.0764636024833,0.439417928457,-0.00522586749867,0.00600082194433,-0.201307609677,-0.386139303446,0.0764636024833,-0.439417928457,0.506613433361,0.0
1625182268750969946,height,4,32,width,4,8,imag,2,2,0,0.000126951737911,0.0,-0.00277957809158,0.0062408298254,-0.00617894297466,0.00342820980586,-0.00497452542186,-0.00609545875341,-0.00277957809158,-0.0062408298254,0.373673260212,0.0,0.304101854563,0.229778632522,-0.196356445551,0.377846390009,-0.00617894297466,-0.00342820980586,0.304101854563,-0.229778632522,0.400459229946,0.0,0.0754427909851,0.430105566978,-0.00497452542186,0.00609545875341,-0.196356445551,-0.377846390009,0.0754427909851,-0.430105566978,0.49576446414,0.0
1625182268880405603,height,4,32,width,4,8,imag,2,2,0,0.000132112501888,0.0,-0.00293809641153,0.00637493794784,-0.0063869333826,0.00346417282708,-0.00510596856475,-0.00626768171787,-0.00293809641153,-0.00637493794784,0.379001796246,0.0,0.308850228786,0.231820017099,-0.194505617023,0.385826587677,-0.0063869333826,-0.00346417282708,0.308850228786,-0.231820017099,0.40693244338,0.0,0.0811679065228,0.435625016689,-0.00510596856475,0.00626768171787,-0.194505617023,-0.385826587677,0.0811679065228,-0.435625016689,0.502698361874,0.0
1625182269008372317,height,4,32,width,4,8,imag,2,2,0,0.000134826215799,0.0,-0.00291617098264,0.00644077593461,-0.00640269042924,0.00351028027944,-0.00508158374578,-0.0063605690375,-0.00291617098264,-0.00644077593461,0.376886337996,0.0,0.306256830692,0.230897665024,-0.199536368251,0.380142599344,-0.00640269042924,-0.00351028027944,0.306256830692,-0.230897665024,0.402815192938,0.0,0.0738445967436,0.433146089315,-0.00508158374578,0.0063605690375,-0.199536368251,-0.380142599344,0.0738445967436,-0.433146089315,0.49959051609,0.0
1625182269137925794,height,4,32,width,4,8,imag,2,2,0,0.00014478295634,0.0,-0.00295396288857,0.0067126029171,-0.00661783618852,0.00371643295512,-0.0053988089785,-0.00649205455557,-0.00295396288857,-0.0067126029171,0.377409249544,0.0,0.307056695223,0.231770560145,-0.196171313524,0.382607489824,-0.00661783618852,-0.00371643295512,0.307056695223,-0.231770560145,0.405139386654,0.0,0.078661352396,0.433791905642,-0.0053988089785,0.00649205455557,-0.196171313524,-0.382607489824,0.078661352396,-0.433791905642,0.500237226486,0.0
1625182269263161845,height,4,32,width,4,8,imag,2,2,0,0.000134723930387,0.0,-0.00262628099881,0.00658041099086,-0.00624981941655,0.00380904832855,-0.00538502959535,-0.00612680939957,-0.00262628099881,-0.00658041099086,0.378464460373,0.0,0.307607024908,0.231750592589,-0.199581220746,0.382664322853,-0.00624981941655,-0.00380904832855,0.307607024908,-0.231750592589,0.404766261578,0.0,0.0753166675568,0.435190737247,-0.00538502959535,0.00612680939957,-0.199581220746,-0.382664322853,0.0753166675568,-0.435190737247,0.501744866371,0.0
1625182269391910303,height,4,32,width,4,8,imag,2,2,0,0.000127923878608,0.0,-0.00219731871039,0.00651946989819,-0.00587762705982,0.00401439704001,-0.00555260665715,-0.00565419718623,-0.00219731871039,-0.00651946989819,0.376202046871,0.0,0.305543959141,0.231579244137,-0.198492020369,0.380289912224,-0.00587762705982,-0.00401439704001,0.305543959141,-0.231579244137,0.403496414423,0.0,0.0760958120227,0.433081567287,-0.00555260665715,0.00565419718623,-0.198492020369,-0.380289912224,0.0760958120227,-0.433081567287,0.49901971221,0.0
1625182269519388604,height,4,32,width,4,8,imag,2,2,0,0.000124210579088,0.0,-0.00193948089145,0.00649642944336,-0.00565289054066,0.0041441670619,-0.00559144793078,-0.00545829720795,-0.00193948089145,-0.00649642944336,0.376301556826,0.0,0.305414915085,0.232177272439,-0.203774154186,0.377699017525,-0.00565289054066,-0.0041441670619,0.305414915085,-0.232177272439,0.402990013361,0.0,0.0705192387104,0.434121668339,-0.00559144793078,0.00545829720795,-0.203774154186,-0.377699017525,0.0705192387104,-0.434121668339,0.49926456809,0.0
1625182269654359709,height,4,32,width,4,8,imag,2,2,0,0.000121304474305,0.0,-0.00187768682372,0.0064291562885,-0.00555981323123,0.00413007941097,-0.00562201067805,-0.00529538700357,-0.00187768682372,-0.0064291562885,0.376453757286,0.0,0.305305957794,0.231998890638,-0.199480742216,0.380159795284,-0.00555981323123,-0.00413007941097,0.305305957794,-0.231998890638,0.403424412012,0.0,0.0755997672677,0.433119565248,-0.00562201067805,0.00529538700357,-0.199480742216,-0.380159795284,0.0755997672677,-0.433119565248,0.499721169472,0.0
1625182269775243704,height,4,32,width,4,8,imag,2,2,0,2.90301140922e-05,0.0,-0.00044928729767,0.00153608073015,-0.00133417441975,0.00098341924604,-0.00136329198722,-0.00124868738931,-0.00044928729767,-0.00153608073015,0.0898639559746,0.0,0.0727287828922,0.0556606538594,-0.046403568238,0.0917030721903,-0.00133417441975,-0.00098341924604,0.0727287828922,-0.0556606538594,0.0965975821018,0.0,0.0201139878482,0.103481642902,-0.00136329198722,0.00124868738931,-0.046403568238,-0.0917030721903,0.0201139878482,-0.103481642902,0.119641512632,0.0
1625182269904080613,height,4,32,width,4,8,imag,2,2,0,4.18230037269e-08,0.0,1.0720951904e-09,-3.87792642442e-09,-2.73131988138e-08,-4.63535076989e-09,-1.06250430676e-08,-7.27114057852e-09,1.0720951904e-09,3.87792642442e-09,3.9577366806e-06,0.0,4.9264102131e-08,-8.90502320772e-08,4.12851335341e-08,-4.50317898526e-08,-2.73131988138e-08,4.63535076989e-09,4.9264102131e-08,8.90502320772e-08,4.67954623673e-06,0.0,3.26523519334e-07,1.17085782847e-07,-1.06250430676e-08,7.27114057852e-09,4.12851335341e-08,4.50317898526e-08,3.26523519334e-07,-1.17085782847e-07,5.25382210981e-06,0.0
1625182270034790563,height,4,32,width,4,8,imag,2,2,0,4.17017460563e-08,0.0,-2.08154427028e-09,-3.14083870023e-09,-2.93373965121e-08,-7.93690713152e-09,-1.26061516781e-08,-7.77100517269e-09,-2.08154427028e-09,3.14083870023e-09,3.98989232053e-06,0.0,1.57664175049e-08,-1.51849405938e-07,2.73752931435e-09,-5.45424372334e-09,-2.93373965121e-08,7.93690713152e-09,1.57664175049e-08,1.51849405938e-07,4.61892477688e-06,0.0,3.14128271839e-07,1.11504007805e-07,-1.26061516781e-08,7.77100517269e-09,2.73752931435e-09,5.45424372334e-09,3.14128271839e-07,-1.11504007805e-07,5.35891285836e-06,0.0
1625182270161771423,height,4,32,width,4,8,imag,2,2,0,4.13871070748e-08,0.0,-7.98369426125e-10,-6.60264865004e-09,-3.06475165246e-08,-5.7431051026e-09,-1.04078283769e-08,-7.01503788392e-09,-7.98369426125e-10,6.60264865004e-09,3.95619963456e-06,0.0,1.03827964892e-07,-1.52251033114e-07,3.53180880097e-08,-6.1162910292e-09,-3.06475165246e-08,5.7431051026e-09,1.03827964892e-07,1.52251033114e-07,4.62170601168e-06,0.0,3.00878809867e-07,1.09777140267e-07,-1.04078283769e-08,7.01503788392e-09,3.53180880097e-08,6.1162910292e-09,3.00878809867e-07,-1.09777140267e-07,5.34588798473e-06,0.0
1625182270287877263,height,4,32,width,4,8,imag,2,2,0,4.19805914476e-08,0.0,1.20494902944e-09,-4.83132023277e-09,-2.89226669281e-08,-6.29761531812e-09,-1.29162920359e-08,-9.21278431321e-09,1.20494902944e-09,4.83132023277e-09,3.99015380026e-06,0.0,4.55871536076e-08,-5.91513114045e-08,2.45575892954e-10,1.45327518908e-08,-2.89226669281e-08,6.29761531812e-09,4.55871536076e-08,5.91513114045e-08,4.6491327339e-06,0.0,3.23440758621e-07,1.25804035633e-07,-1.29162920359e-08,9.21278431321e-09,2.45575892954e-10,-1.45327518908e-08,3.23440758621e-07,-1.25804035633e-07,5.34458422408e-06,0.0
1625182270416934725,height,4,32,width,4,8,imag,2,2,0,4.18740846442e-08,0.0,1.92248195141e-09,-2.64866462096e-09,-3.12264027968e-08,-1.35243540811e-08,-1.26947563572e-08,-8.98744989541e-09,1.92248195141e-09,2.64866462096e-09,3.97378516936e-06,0.0,1.72381131591e-08,-1.04479703111e-07,-2.69847451051e-08,-3.65863805918e-09,-3.12264027968e-08,1.35243540811e-08,1.72381131591e-08,1.04479703111e-07,4.69260567115e-06,0.0,3.06733937805e-07,9.24328347196e-08,-1.26947563572e-08,8.98744989541e-09,-2.69847451051e-08,3.65863805918e-09,3.06733937805e-07,-9.24328347196e-08,5.4098372857e-06,0.0
1625182270543530166,height,4,32,width,4,8,imag,2,2,0,4.17181951207e-08,0.0,-1.21830667776e-09,-5.8766054245e-09,-2.63638586517e-08,-9.99880978014e-09,-1.12155724707e-08,-1.03167865362e-08,-1.21830667776e-09,5.8766054245e-09,3.94217249777e-06,0.0,5.91067390587e-08,-7.97078243409e-08,3.71750630279e-08,-3.78911799714e-08,-2.63638586517e-08,9.99880978014e-09,5.91067390587e-08,7.97078243409e-08,4.621007065e-06,0.0,3.46277204244e-07,1.03871414581e-07,-1.12155724707e-08,1.03167865362e-08,3.71750630279e-08,3.78911799714e-08,3.46277204244e-07,-1.03871414581e-07,5.33944421477e-06,0.0
1625182270673430469,height,4,32,width,4,8,imag,2,2,0,4.20609076457e-08,0.0,-1.51626633471e-09,-4.4694301593e-09,-2.76316320935e-08,-5.33495736477e-09,-1.41777753981e-08,-5.84251802493e-09,-1.51626633471e-09,4.4694301593e-09,3.94539392801e-06,0.0,6.27042169299e-08,-9.82192034371e-08,-3.17204644773e-08,-3.02681542053e-08,-2.76316320935e-08,5.33495736477e-09,6.27042169299e-08,9.82192034371e-08,4.6418040256e-06,0.0,3.47265824985e-07,8.23608701239e-08,-1.41777753981e-08,5.84251802493e-09,-3.17204644773e-08,3.02681542053e-08,3.47265824985e-07,-8.23608701239e-08,5.36339302926e-06,0.0
1625182270799599179,height,4,32,width,4,8,imag,2,2,0,4.18538377289e-08,0.0,-2.73671196815e-09,-6.12529271748e-09,-2.99233917644e-08,-7.55544871112e-09,-1.13199849494e-08,-5.1495399056e-09,-2.73671196815e-09,6.12529271748e-09,3.96049381379e-06,0.0,2.90609647458e-09,-6.90305768103e-08,-1.86271780223e-08,1.51293910733e-08,-2.99233917644e-08,7.55544871112e-09,2.90609647458e-09,6.90305768103e-08,4.60412638859e-06,0.0,3.25433319404e-07,1.54117032025e-07,-1.13199849494e-08,5.1495399056e-09,-1.86271780223e-08,-1.51293910733e-08,3.25433319404e-07,-1.54117032025e-07,5.34872333446e-06,0.0
1625182270928351310,height,4,32,width,4,8,imag,2,2,0,4.16925622915e-08,0.0,-6.96382396193e-10,-5.93071591837e-09,-2.9788569833e-08,-8.26336954418e-09,-1.2490875001e-08,-1.15825935509e-08,-6.96382396193e-10,5.93071591837e-09,3.96386394641e-06,0.0,3.53967735123e-08,-8.86549642587e-08,1.37533042732e-08,-1.25478183399e-09,-2.9788569833e-08,8.26336954418e-09,3.53967735123e-08,8.86549642587e-08,4.6395807658e-06,0.0,2.69319713198e-07,1.15110893262e-07,-1.2490875001e-08,1.15825935509e-08,1.37533042732e-08,1.25478183399e-09,2.69319713198e-07,-1.15110893262e-07,5.29333556187e-06,0.0
1625182271055198232,height,4,32,width,4,8,imag,2,2,0,4.19946140084e-08,0.0,-1.33202815444e-09,-2.44912889968e-09,-2.73945186535e-08,-5.37034372528e-09,-1.32756108329e-08,-1.08915854113e-08,-1.33202815444e-09,2.44912889968e-09,3.95071356252e-06,0.0,3.43507764455e-08,-7.09258571874e-08,5.28503356634e-08,-4.85772844172e-09,-2.73945186535e-08,5.37034372528e-09,3.43507764455e-08,7.09258571874e-08,4.6059599299e-06,0.0,2.98548059163e-07,8.68667342502e-08,-1.32756108329e-08,1.08915854113e-08,5.28503356634e-08,4.85772844172e-09,2.98548059163e-07,-8.68667342502e-08,5.34512446393e-06,0.0
1625182271187382236,height,4,32,width,4,8,imag,2,2,0,4.18689012349e-08,0.0,-1.46001799539e-09,-2.58305421497e-09,-2.63628070485e-08,-5.51807666227e-09,-1.23393650853e-08,-1.11506306411e-08,-1.46001799539e-09,2.58305421497e-09,3.99108876081e-06,0.0,3.81973253027e-09,-1.0446230192e-07,3.64154182364e-08,-5.42683906701e-08,-2.63628070485e-08,5.51807666227e-09,3.81973253027e-09,1.0446230192e-07,4.61831359644e-06,0.0,2.84228235614e-07,1.43429730315e-07,-1.23393650853e-08,1.11506306411e-08,3.64154182364e-08,5.42683906701e-08,2.84228235614e-07,-1.43429730315e-07,5.4085571719e-06,0.0
1625182271310992577,height,4,32,width,4,8,imag,2,2,0,4.19778984906e-08,0.0,7.0888978021e-10,-4.62207028207e-09,-2.66250754777e-08,-9.8343608812e-09,-1.32623227955e-08,-5.10518471941e-09,7.0888978021e-10,4.62207028207e-09,3.91506500819e-06,0.0,-2.08719495021e-08,-1.19435881629e-07,5.84240522628e-09,-3.53298701405e-09,-2.66250754777e-08,9.8343608812e-09,-2.08719495021e-08,1.19435881629e-07,4.57749774796e-06,0.0,2.82038115529e-07,7.32018534677e-08,-1.32623227955e-08,5.10518471941e-09,5.84240522628e-09,3.53298701405e-09,2.82038115529e-07,-7.32018534677e-08,5.43001442566e-06,0.0
1625182271443182898,height,4,32,width,4,8,imag,2,2,0,4.19610266533e-08,0.0,-1.26311838766e-09,-6.38770314421e-10,-3.04124654349e-08,-4.6482075966e-09,-1.6216695542e-08,-1.19063692239e-08,-1.26311838766e-09,6.38770314421e-10,3.96769974031e-06,0.0,2.4910390195e-08,-9.57416617098e-08,-9.75017666605e-09,1.94740792381e-08,-3.04124654349e-08,4.6482075966e-09,2.4910390195e-08,9.57416617098e-08,4.63879450763e-06,0.0,3.70355280666e-07,6.35521786307e-08,-1.6216695542e-08,1.19063692239e-08,-9.75017666605e-09,-1.94740792381e-08,3.70355280666e-07,-6.35521786307e-08,5.43721262147e-06,0.0
1625182271566918375,height,4,32,width,4,8,imag,2,2,0,4.164544265e-08,0.0,2.73829847686e-09,-4.81114570405e-09,-2.82184746681e-08,-5.65596147695e-09,-9.8265946491e-09,-9.06407038315e-09,2.73829847686e-09,4.81114570405e-09,3.99255668526e-06,0.0,3.11241485917e-08,-1.13928756207e-07,3.26355227287e-08,-2.01911576347e-09,-2.82184746681e-08,5.65596147695e-09,3.11241485917e-08,1.13928756207e-07,4.66206574856e-06,0.0,3.28134802885e-07,1.17342416672e-07,-9.8265946491e-09,9.06407038315e-09,3.26355227287e-08,2.01911576347e-09,3.28134802885e-07,-1.17342416672e-07,5.35249637323e-06,0.0
1625182271696076677,height,4,32,width,4,8,imag,2,2,0,4.12917202652e-08,0.0,-1.41840761358e-09,-3.60425334023e-09,-2.58184567059e-08,-8.86609630157e-09,-1.34182425171e-08,-3.52462792286e-09,-1.41840761358e-09,3.60425334023e-09,3.99483224101e-06,0.0,2.35917472224e-08,-1.12742981173e-07,2.74461608996e-08,-2.04678372029e-08,-2.58184567059e-08,8.86609630157e-09,2.35917472224e-08,1.12742981173e-07,4.58084150523e-06,0.0,3.08298297114e-07,9.65143058806e-08,-1.34182425171e-08,3.52462792286e-09,2.74461608996e-08,2.04678372029e-08,3.08298297114e-07,-9.65143058806e-08,5.33260345037e-06,0.0
1625182271823415030,height,4,32,width,4,8,imag,2,2,0,4.15016963018e-08,0.0,-7.10321468311e-10,-3.04742453494e-09,-2.94409758794e-08,-7.29857241311e-09,-9.54149914634e-09,-1.19522400865e-08,-7.10321468311e-10,3.04742453494e-09,3.96684254156e-06,0.0,4.74015138252e-08,-1.07278175676e-07,6.27162606293e-08,1.0264416872e-08,-2.94409758794e-08,7.29857241311e-09,4.74015138252e-08,1.07278175676e-07,4.64835375169e-06,0.0,3.19592970754e-07,1.63755515814e-07,-9.54149914634e-09,1.19522400865e-08,6.27162606293e-08,-1.0264416872e-08,3.19592970754e-07,-1.63755515814e-07,5.35803792445e-06,0.0
1625182271956408886,height,4,32,width,4,8,imag,2,2,0,4.18748875575e-08,0.0,1.15901266362e-09,-5.03738917246e-09,-3.39885630751e-08,-7.07989267212e-09,-1.05220001601e-08,-9.03938879304e-09,1.15901266362e-09,5.03738917246e-09,4.00902627007e-06,0.0,6.54859491078e-08,-1.10509319029e-07,-7.97102028827e-09,-5.81601122818e-09,-3.39885630751e-08,7.07989267212e-09,6.54859491078e-08,1.10509319029e-07,4.62431853521e-06,0.0,3.48439670006e-07,1.10071432857e-07,-1.05220001601e-08,9.03938879304e-09,-7.97102028827e-09,5.81601122818e-09,3.48439670006e-07,-1.10071432857e-07,5.29368935531e-06,0.0
1625182272083314548,height,4,32,width,4,8,imag,2,2,0,4.14314484942e-08,0.0,-1.28115373865e-09,1.66982927485e-10,-2.85908896558e-08,-6.48812692461e-09,-1.72700023171e-08,-1.01674588748e-08,-1.28115373865e-09,-1.66982927485e-10,3.99250438932e-06,0.0,3.86498157923e-08,-9.76367502403e-08,4.3447972331e-08,-9.5860119842e-10,-2.85908896558e-08,6.48812692461e-09,3.86498157923e-08,9.76367502403e-08,4.64868207928e-06,0.0,3.10015110472e-07,8.45847125674e-08,-1.72700023171e-08,1.01674588748e-08,4.3447972331e-08,9.5860119842e-10,3.10015110472e-07,-8.45847125674e-08,5.39039046998e-06,0.0
1625182272211896800,height,4,32,width,4,8,imag,2,2,0,4.21348786972e-08,0.0,1.19415199951e-09,-4.45375247793e-09,-2.68151865157e-08,-7.1652941358e-09,-1.36358213609e-08,-9.88830795023e-09,1.19415199951e-09,4.45375247793e-09,3.98543988922e-06,0.0,2.35074377741e-08,-1.50427482026e-07,-1.43581253553e-08,2.92316215678e-09,-2.68151865157e-08,7.1652941358e-09,2.35074377741e-08,1.50427482026e-07,4.6116338126e-06,0.0,3.22246705764e-07,1.02598576746e-07,-1.36358213609e-08,9.88830795023e-09,-1.43581253553e-08,-2.92316215678e-09,3.22246705764e-07,-1.02598576746e-07,5.41299550605e-06,0.0
1625182272339355074,height,4,32,width,4,8,imag,2,2,0,4.15902086104e-08,0.0,4.04571098844e-10,-4.59181492829e-09,-2.73075144719e-08,-7.38030481173e-09,-1.00951416115e-08,-7.66490160231e-09,4.04571098844e-10,4.59181492829e-09,3.96016548621e-06,0.0,3.30596492404e-08,-1.41962345879e-07,-8.51290371529e-10,-2.03588279568e-09,-2.73075144719e-08,7.38030481173e-09,3.30596492404e-08,1.41962345879e-07,4.62531488665e-06,0.0,2.9278228908e-07,8.14658349668e-08,-1.00951416115e-08,7.66490160231e-09,-8.51290371529e-10,2.03588279568e-09,2.9278228908e-07,-8.14658349668e-08,5.32082322025e-06,0.0
1625182272467149361,height,4,32,width,4,8,imag,2,2,0,4.20224672837e-08,0.0,-3.12893178034e-09,-2.34193242576e-09,-2.98867703918e-08,-1.03446771149e-08,-1.76716632438e-08,-9.66068025576e-09,-3.12893178034e-09,2.34193242576e-09,3.97012445319e-06,0.0,1.32345094883e-08,-5.77657175427e-08,4.57945112942e-08,-2.47231088935e-08,-2.98867703918e-08,1.03446771149e-08,1.32345094883e-08,5.77657175427e-08,4.59367220174e-06,0.0,3.3516238318e-07,1.53810816528e-07,-1.76716632438e-08,9.66068025576e-09,4.57945112942e-08,2.47231088935e-08,3.3516238318e-07,-1.53810816528e-07,5.29471890331e-06,0.0
1625182272594519709,height,4,32,width,4,8,imag,2,2,0,4.19140846475e-08,0.0,-3.51475792915e-10,-4.0091685527e-09,-2.72356803777e-08,-6.19610451835e-09,-9.88697657078e-09,-8.46503844798e-09,-3.51475792915e-10,4.0091685527e-09,3.97803069063e-06,0.0,4.38255298718e-08,-1.1451065518e-07,5.43723963631e-08,-7.11720682389e-09,-2.72356803777e-08,6.19610451835e-09,4.38255298718e-08,1.1451065518e-07,4.60968385596e-06,0.0,3.48840131892e-07,9.49690388552e-08,-9.88697657078e-09,8.46503844798e-09,5.43723963631e-08,7.11720682389e-09,3.48840131892e-07,-9.49690388552e-08,5.32703961653e-06,0.0
1625182272727012440,height,4,32,width,4,8,imag,2,2,0,4.18087431342e-08,0.0,2.42378495052e-09,-1.23505983218e-09,-2.88276336136e-08,-9.94272220112e-09,-1.28132215949e-08,-4.26177937385e-09,2.42378495052e-09,1.23505983218e-09,3.92745732825e-06,0.0,-1.77797632173e-09,-8.95520244626e-08,4.40900205234e-09,5.70036406966e-10,-2.88276336136e-08,9.94272220112e-09,-1.77797632173e-09,8.95520244626e-08,4.60782348455e-06,0.0,2.96996972793e-07,9.71471720845e-08,-1.28132215949e-08,4.26177937385e-09,4.40900205234e-09,-5.70036406966e-10,2.96996972793e-07,-9.71471720845e-08,5.35992921868e-06,0.0
1625182272851077859,height,4,32,width,4,8,imag,2,2,0,2.44931870839e-05,0.0,-4.3076066504e-05,0.000868619245011,-0.000595790625084,0.000679738877807,-0.000847344635986,-0.000543612171896,-4.3076066504e-05,-0.000868619245011,0.0313303954899,0.0,0.0249342247844,0.0199065003544,-0.0181691367179,0.0311439819634,-0.000595790625084,-0.000679738877807,0.0249342247844,-0.0199065003544,0.0339339487255,0.0,0.00570348929614,0.0365576818585,-0.000847344635986,0.000543612171896,-0.0181691367179,-0.0311439819634,0.00570348929614,-0.0365576818585,0.0419200770557,0.0
1625182272979855926,height,4,32,width,4,8,imag,2,2,0,0.000328035501298,0.0,-0.000415335263824,0.0110218403861,-0.00743406964466,0.00864774826914,-0.0113833313808,-0.00579617312178,-0.000415335263824,-0.0110218403861,0.377164304256,0.0,0.300070881844,0.24025696516,-0.184610277414,0.389676034451,-0.00743406964466,-0.00864774826914,0.300070881844,-0.24025696516,0.403891295195,0.0,0.105264104903,0.429943621159,-0.0113833313808,0.00579617312178,-0.184610277414,-0.389676034451,0.105264104903,-0.429943621159,0.503790438175,0.0
1625182273110877469,height,4,32,width,4,8,imag,2,2,0,0.000356654025381,0.0,0.000592412659898,0.011524733156,-0.00695529347286,0.00969043932855,-0.0125241382048,-0.00466400803998,0.000592412659898,-0.011524733156,0.379760652781,0.0,0.301630586386,0.242262050509,-0.175824895501,0.396379560232,-0.00695529347286,-0.00969043932855,0.301630586386,-0.242262050509,0.406587004662,0.0,0.117541655898,0.429513245821,-0.0125241382048,0.00466400803998,-0.175824895501,-0.396379560232,0.117541655898,-0.429513245821,0.506831288338,0.0
1625182273235702463,height,4,32,width,4,8,imag,2,2,0,0.000330143520841,0.0,0.00147241703235,0.0109698120505,-0.00584089243785,0.00984504632652,-0.0123656466603,-0.00338939297944,0.00147241703235,-0.0109698120505,0.377268105745,0.0,0.30102160573,0.239232540131,-0.17193903029,0.394988238811,-0.00584089243785,-0.00984504632652,0.30102160573,-0.239232540131,0.404361486435,0.0,0.117928773165,0.426955282688,-0.0123656466603,0.00338939297944,-0.17193903029,-0.394988238811,0.117928773165,-0.426955282688,0.503744423389,0.0
1625182273362430187,height,4,32,width,4,8,imag,2,2,0,0.000321686587995,0.0,0.00211902195588,0.0107632130384,-0.00514305057004,0.0101062972099,-0.0125551996753,-0.00202989531681,0.00211902195588,-0.0107632130384,0.380422353745,0.0,0.303794503212,0.239642485976,-0.15494993329,0.405768156052,-0.00514305057004,-0.0101062972099,0.303794503212,-0.239642485976,0.407291203737,0.0,0.137911751866,0.425382107496,-0.0125551996753,0.00202989531681,-0.15494993329,-0.405768156052,0.137911751866,-0.425382107496,0.508865058422,0.0
1625182273491948843,height,4,32,width,4,8,imag,2,2,0,0.000219673267566,0.0,0.00218550534919,0.00868050009012,-0.00361268268898,0.0085341418162,-0.0103563042358,-0.000780851987656,0.00218550534919,-0.00868050009012,0.37690103054,0.0,0.30635279417,0.231894001365,-0.139585345984,0.406150221825,-0.00361268268898,-0.0085341418162,0.30635279417,-0.231894001365,0.404761254787,0.0,0.142731189728,0.420110702515,-0.0103563042358,0.000780851987656,-0.139585345984,-0.406150221825,0.142731189728,-0.420110702515,0.503556907177,0.0
1625182273625662412,height,4,32,width,4,8,imag,2,2,0,0.00012407876784,0.0,-0.000538031978067,0.0067112641409,-0.0044967699796,0.00530386157334,-0.0071892188862,-0.00292052095756,-0.000538031978067,-0.0067112641409,0.376025110483,0.0,0.310537695885,0.223773062229,-0.1342471838,0.405671238899,-0.0044967699796,-0.00530386157334,0.310537695885,-0.223773062229,0.401733785868,0.0,0.136295795441,0.418521553278,-0.0071892188862,0.00292052095756,-0.1342471838,-0.405671238899,0.136295795441,-0.418521553278,0.499438375235,0.0
1625182273747448265,height,4,32,width,4,8,imag,2,2,0,0.000199053218239,0.0,-0.000985559076071,0.00852439925075,-0.00609559332952,0.00646131811664,-0.00886610802263,-0.00444116769359,-0.000985559076071,-0.00852439925075,0.378471910954,0.0,0.308525562286,0.231016665697,-0.151727542281,0.403258144855,-0.00609559332952,-0.00646131811664,0.308525562286,-0.231016665697,0.406194090843,0.0,0.128267794847,0.425007194281,-0.00886610802263,0.00444116769359,-0.151727542281,-0.403258144855,0.128267794847,-0.425007194281,0.502921938896,0.0
1625182273874169978,height,4,32,width,4,8,imag,2,2,0,0.000252513826126,0.0,-0.00103460950777,0.0096328984946,-0.00693641602993,0.00724542234093,-0.00990226399153,-0.0052067860961,-0.00103460950777,-0.0096328984946,0.377809256315,0.0,0.304757386446,0.235929086804,-0.162730753422,0.398467183113,-0.00693641602993,-0.00724542234093,0.304757386446,-0.235929086804,0.405739843845,0.0,0.122505672276,0.42622256279,-0.00990226399153,0.0052067860961,-0.162730753422,-0.398467183113,0.122505672276,-0.42622256279,0.502142429352,0.0
1625182274005037352,height,4,32,width,4,8,imag,2,2,0,0.000224609160796,0.0,-0.00119411433116,0.00903482921422,-0.00660667521879,0.00670572416857,-0.00924882292747,-0.00495928805321,-0.00119411433116,-0.00903482921422,0.37592664361,0.0,0.30491155386,0.231138646603,-0.155013859272,0.397530764341,-0.00660667521879,-0.00670572416857,0.30491155386,-0.231138646603,0.401928156614,0.0,0.123621217906,0.42101213336,-0.00924882292747,0.00495928805321,-0.155013859272,-0.397530764341,0.123621217906,-0.42101213336,0.496490418911,0.0
1625182274134240900,height,4,32,width,4,8,imag,2,2,0,0.000137532246299,0.0,-0.000620394886937,0.00585067132488,-0.0041619525291,0.00442548422143,-0.00605077529326,-0.00302625750192,-0.000620394886937,-0.00585067132488,0.255965411663,0.0,0.206893831491,0.157733082771,-0.104946441948,0.270692408085,-0.0041619525291,-0.00442548422143,0.206893831491,-0.157733082771,0.273473918438,0.0,0.085580162704,0.285928726196,-0.00605077529326,0.00302625750192,-0.104946441948,-0.270692408085,0.085580162704,-0.285928726196,0.337176442146,0.0
1625182274261910565,height,4,32,width,4,8,imag,2,2,0,4.11811278411e-08,0.0,2.92020541082e-09,-4.64615945717e-09,-2.84678414175e-08,-1.01030304123e-08,-1.59409623279e-08,-6.00576344212e-09,2.92020541082e-09,4.64615945717e-09,3.93738173443e-06,0.0,4.78966306616e-08,-1.3015161926e-07,5.23377465811e-08,-2.11321680155e-08,-2.84678414175e-08,1.01030304123e-08,4.78966306616e-08,1.3015161926e-07,4.59401053376e-06,0.0,2.64591648147e-07,1.2552881401e-07,-1.59409623279e-08,6.00576344212e-09,5.23377465811e-08,2.11321680155e-08,2.64591648147e-07,-1.2552881401e-07,5.26340954821e-06,0.0
1625182274387331645,height,4,32,width,4,8,imag,2,2,0,4.21872989875e-08,0.0,2.08525752221e-09,-2.07869699231e-09,-3.14043937522e-08,-1.07627551316e-08,-1.64504303513e-08,-9.61617807604e-09,2.08525752221e-09,2.07869699231e-09,3.95990537072e-06,0.0,9.02037733397e-09,-8.27402431014e-08,1.16014364782e-09,-5.93063198551e-09,-3.14043937522e-08,1.07627551316e-08,9.02037733397e-09,8.27402431014e-08,4.6177619879e-06,0.0,3.02963172771e-07,8.82960620174e-08,-1.64504303513e-08,9.61617807604e-09,1.16014364782e-09,5.93063198551e-09,3.02963172771e-07,-8.82960620174e-08,5.33752972842e-06,0.0
1625182274518946065,height,4,32,width,4,8,imag,2,2,0,4.1991629729e-08,0.0,1.65336511149e-09,-3.48722051235e-09,-2.90887776089e-08,-1.24997798778e-08,-1.43210101555e-08,-1.00560892946e-08,1.65336511149e-09,3.48722051235e-09,3.96910490963e-06,0.0,6.81739606989e-08,-1.08103435537e-07,-3.51882389893e-09,-3.79142939266e-08,-2.90887776089e-08,1.24997798778e-08,6.81739606989e-08,1.08103435537e-07,4.62203979623e-06,0.0,3.10884900045e-07,1.22064307106e-07,-1.43210101555e-08,1.00560892946e-08,-3.51882389893e-09,3.79142939266e-08,3.10884900045e-07,-1.22064307106e-07,5.32285048394e-06,0.0
1625182274646349978,height,4,32,width,4,8,imag,2,2,0,4.16625240973e-08,0.0,1.60588720099e-09,-3.43162520622e-09,-2.75846705478e-08,-1.12056257606e-08,-1.10169526835e-08,-5.15002840373e-09,1.60588720099e-09,3.43162520622e-09,3.9678743633e-06,0.0,7.46802442109e-08,-4.32208722145e-08,-7.78878650465e-09,1.28590729176e-08,-2.75846705478e-08,1.12056257606e-08,7.46802442109e-08,4.32208722145e-08,4.64281310997e-06,0.0,3.39304335739e-07,8.4227735897e-08,-1.10169526835e-08,5.15002840373e-09,-7.78878650465e-09,-1.28590729176e-08,3.39304335739e-07,-8.4227735897e-08,5.40070959687e-06,0.0
1625182274771433790,height,4,32,width,4,8,imag,2,2,0,4.1761271774e-08,0.0,1.74746295212e-09,-9.57983470329e-10,-2.82752861125e-08,-8.96483509649e-09,-1.50794434717e-08,-8.38279046178e-09,1.74746295212e-09,9.57983470329e-10,3.96809809899e-06,0.0,3.17755457502e-08,-1.23763314264e-07,1.85060891056e-08,2.62967638776e-08,-2.82752861125e-08,8.96483509649e-09,3.17755457502e-08,1.23763314264e-07,4.64511049358e-06,0.0,3.607191843e-07,8.56587760723e-08,-1.50794434717e-08,8.38279046178e-09,1.85060891056e-08,-2.62967638776e-08,3.607191843e-07,-8.56587760723e-08,5.35148228664e-06,0.0
1625182274897922261,height,4,32,width,4,8,imag,2,2,0,4.15648599983e-08,0.0,1.18840970398e-09,-5.13176612316e-09,-2.68937494496e-08,-5.32140242981e-09,-1.59438720004e-08,-5.19564613555e-09,1.18840970398e-09,5.13176612316e-09,3.98395422962e-06,0.0,1.28984929404e-08,-1.05517841575e-07,2.84087651181e-08,-2.33000942984e-08,-2.68937494496e-08,5.32140242981e-09,1.28984929404e-08,1.05517841575e-07,4.56041470898e-06,0.0,2.66675783678e-07,8.83581634525e-08,-1.59438720004e-08,5.19564613555e-09,2.84087651181e-08,2.33000942984e-08,2.66675783678e-07,-8.83581634525e-08,5.29176895725e-06,0.0
1625182275031528971,height,4,32,width,4,8,imag,2,2,0,4.18489563003e-08,0.0,9.92731008509e-10,1.64487279353e-09,-2.1268663275e-08,-8.37132052567e-09,-1.60392126247e-08,-1.10165432332e-08,9.92731008509e-10,-1.64487279353e-09,3.98466590923e-06,0.0,4.45669172677e-08,-8.65129266003e-08,1.64331481756e-08,-3.40160717371e-08,-2.1268663275e-08,8.37132052567e-09,4.45669172677e-08,8.65129266003e-08,4.60283490611e-06,0.0,3.34318599471e-07,6.58079670757e-08,-1.60392126247e-08,1.10165432332e-08,1.64331481756e-08,3.40160717371e-08,3.34318599471e-07,-6.58079670757e-08,5.29495855517e-06,0.0
1625182275159293566,height,4,32,width,4,8,imag,2,2,0,4.17245615836e-08,0.0,9.63164339951e-11,-1.75706338368e-09,-2.95312201359e-08,-7.81176190401e-09,-1.59099293739e-08,-6.89895518491e-09,9.63164339951e-11,1.75706338368e-09,3.91966750612e-06,0.0,8.21497394554e-08,-9.62012762784e-08,2.38907862382e-08,-9.17097509046e-09,-2.95312201359e-08,7.81176190401e-09,8.21497394554e-08,9.62012762784e-08,4.63048672827e-06,0.0,3.24734969581e-07,1.0149357621e-07,-1.59099293739e-08,6.89895518491e-09,2.38907862382e-08,9.17097509046e-09,3.24734969581e-07,-1.0149357621e-07,5.26141366208e-06,0.0
1625182275284086928,height,4,32,width,4,8,imag,2,2,0,4.18103454081e-08,0.0,-4.10299405562e-10,-4.08953271247e-09,-2.87072836613e-08,-7.7080715144e-09,-9.91735671363e-09,-6.43919317866e-09,-4.10299405562e-10,4.08953271247e-09,3.89930755773e-06,0.0,5.23559329224e-08,-1.02552846215e-07,2.90048109974e-08,2.04965413531e-08,-2.87072836613e-08,7.7080715144e-09,5.23559329224e-08,1.02552846215e-07,4.62407842861e-06,0.0,3.28037145891e-07,6.57605454535e-08,-9.91735671363e-09,6.43919317866e-09,2.90048109974e-08,-2.04965413531e-08,3.28037145891e-07,-6.57605454535e-08,5.29169392394e-06,0.0
1625182275410512999,height,4,32,width,4,8,imag,2,2,0,4.19115302464e-08,0.0,-1.21414012177e-09,-3.15559978148e-09,-2.8671539809e-08,-6.56524212772e-09,-1.68601150818e-08,-1.00439283557e-08,-1.21414012177e-09,3.15559978148e-09,3.93621348849e-06,0.0,5.95478155674e-09,-1.43800974683e-07,-1.0066345979e-08,-4.47675212456e-08,-2.8671539809e-08,6.56524212772e-09,5.95478155674e-09,1.43800974683e-07,4.62929119749e-06,0.0,3.31926457875e-07,1.01121663931e-07,-1.68601150818e-08,1.00439283557e-08,-1.0066345979e-08,4.47675212456e-08,3.31926457875e-07,-1.01121663931e-07,5.36791958439e-06,0.0
1625182275539496908,height,4,32,width,4,8,imag,2,2,0,4.20861638872e-08,0.0,1.35082528496e-10,-1.41276257359e-09,-3.160832307e-08,-5.67644864446e-09,-1.32576003509e-08,-1.10322755376e-08,1.35082528496e-10,1.41276257359e-09,3.97341591452e-06,0.0,2.46707241303e-08,-5.99153437975e-08,3.65037493566e-08,-3.2194471089e-08,-3.160832307e-08,5.67644864446e-09,2.46707241303e-08,5.99153437975e-08,4.6659220061e-06,0.0,3.11763955096e-07,1.29832329776e-07,-1.32576003509e-08,1.10322755376e-08,3.65037493566e-08,3.2194471089e-08,3.11763955096e-07,-1.29832329776e-07,5.33075080966e-06,0.0
1625182275672948862,height,4,32,width,4,8,imag,2,2,0,4.16968184425e-08,0.0,2.26578422691e-09,-3.2425326868e-09,-2.98073175031e-08,-7.12448677831e-09,-1.23445289546e-08,-1.04695470071e-08,2.26578422691e-09,3.2425326868e-09,3.96082486986e-06,0.0,5.42981872798e-08,-1.15512243326e-07,1.40530973525e-08,-1.38693980745e-08,-2.98073175031e-08,7.12448677831e-09,5.42981872798e-08,1.15512243326e-07,4.66538585897e-06,0.0,3.13709051625e-07,8.80355770505e-08,-1.23445289546e-08,1.04695470071e-08,1.40530973525e-08,1.38693980745e-08,3.13709051625e-07,-8.80355770505e-08,5.35983645022e-06,0.0
1625182275795216634,height,4,32,width,4,8,imag,2,2,0,4.20690859926e-08,0.0,3.09765479933e-09,-4.47164261175e-09,-3.07684331347e-08,-1.07248885328e-08,-1.34843736177e-08,-7.65410934633e-09,3.09765479933e-09,4.47164261175e-09,3.99148984798e-06,0.0,-1.34340416569e-09,-9.0336648384e-08,2.49555629495e-08,-2.31609553758e-09,-3.07684331347e-08,1.07248885328e-08,-1.34340416569e-09,9.0336648384e-08,4.5755505198e-06,0.0,2.80251185814e-07,1.53230416799e-07,-1.34843736177e-08,7.65410934633e-09,2.49555629495e-08,2.31609553758e-09,2.80251185814e-07,-1.53230416799e-07,5.28421287527e-06,0.0
1625182275922411065,height,4,32,width,4,8,imag,2,2,0,4.14915710678e-08,0.0,-2.03675062926e-10,1.28367949603e-09,-2.63858801475e-08,-5.24725018991e-09,-1.84388930791e-08,-8.23088619484e-09,-2.03675062926e-10,-1.28367949603e-09,3.96457517127e-06,0.0,2.48301947892e-08,-1.08585474834e-07,6.43831299385e-08,-2.90350534726e-08,-2.63858801475e-08,5.24725018991e-09,2.48301947892e-08,1.08585474834e-07,4.61528634332e-06,0.0,2.92707568406e-07,4.73096903875e-08,-1.84388930791e-08,8.23088619484e-09,6.43831299385e-08,2.90350534726e-08,2.92707568406e-07,-4.73096903875e-08,5.33443790118e-06,0.0
1625182276052046482,height,4,32,width,4,8,imag,2,2,0,4.17066132741e-08,0.0,2.89276091969e-09,-5.95077009891e-09,-2.50844980343e-08,-1.05559081476e-08,-1.31718085328e-08,-1.05867519196e-08,2.89276091969e-09,5.95077009891e-09,3.97887197323e-06,0.0,6.6402549237e-08,-9.24639280697e-08,1.90718605353e-08,1.53707837569e-08,-2.50844980343e-08,1.05559081476e-08,6.6402549237e-08,9.24639280697e-08,4.61652143713e-06,0.0,3.62160108125e-07,1.13333584295e-07,-1.31718085328e-08,1.05867519196e-08,1.90718605353e-08,-1.53707837569e-08,3.62160108125e-07,-1.13333584295e-07,5.36632569492e-06,0.0
1625182276175367713,height,4,32,width,4,8,imag,2,2,0,4.16473611153e-08,0.0,-2.21471352368e-09,-2.04190042652e-09,-2.85361068109e-08,-9.80926628813e-09,-1.17366747432e-08,-7.84295561829e-09,-2.21471352368e-09,2.04190042652e-09,3.95229380956e-06,0.0,1.81748127659e-08,-7.76437047989e-08,4.61385987194e-08,-2.7862331109e-08,-2.85361068109e-08,9.80926628813e-09,1.81748127659e-08,7.76437047989e-08,4.68325742986e-06,0.0,2.96960536161e-07,1.30528135855e-07,-1.17366747432e-08,7.84295561829e-09,4.61385987194e-08,2.7862331109e-08,2.96960536161e-07,-1.30528135855e-07,5.35835988558e-06,0.0
1625182276303995941,height,4,32,width,4,8,imag,2,2,0,4.179915436e-08,0.0,5.95080595911e-10,-1.95418436988e-09,-2.99632603173e-08,-7.1562356041e-09,-1.04491642006e-08,-1.03883577296e-08,5.95080595911e-10,1.95418436988e-09,3.99952477892e-06,0.0,5.36520907701e-08,-1.08758811734e-07,-4.71971688398e-08,1.5784568097e-09,-2.99632603173e-08,7.1562356041e-09,5.36520907701e-08,1.08758811734e-07,4.61826130049e-06,0.0,3.02011187614e-07,1.24817233882e-07,-1.04491642006e-08,1.03883577296e-08,-4.71971688398e-08,-1.5784568097e-09,3.02011187614e-07,-1.24817233882e-07,5.33113188794e-06,0.0
1625182276431250049,height,4,32,width,4,8,imag,2,2,0,4.18312282591e-08,0.0,3.02304981048e-09,-1.82321713282e-09,-2.6505047046e-08,-7.18008008604e-09,-1.60198183607e-08,-1.43532119523e-08,3.02304981048e-09,1.82321713282e-09,3.92494803236e-06,0.0,4.2270389855e-08,-6.9944427139e-08,4.34924318782e-09,-2.73350551083e-08,-2.6505047046e-08,7.18008008604e-09,4.2270389855e-08,6.9944427139e-08,4.62987736682e-06,0.0,3.23612511011e-07,1.68393341937e-07,-1.60198183607e-08,1.43532119523e-08,4.34924318782e-09,2.73350551083e-08,3.23612511011e-07,-1.68393341937e-07,5.32439980816e-06,0.0
1625182276559898857,height,4,32,width,4,8,imag,2,2,0,4.17313295031e-08,0.0,-1.03849338851e-10,-4.53814097412e-09,-2.80046812406e-08,-1.05712851806e-08,-1.01905071048e-08,-1.16845901843e-08,-1.03849338851e-10,4.53814097412e-09,3.95869619751e-06,0.0,2.62113051264e-08,-6.207981329e-08,6.61869208329e-08,1.89124649275e-09,-2.80046812406e-08,1.05712851806e-08,2.62113051264e-08,6.207981329e-08,4.64956792712e-06,0.0,3.47196532857e-07,9.89590844824e-08,-1.01905071048e-08,1.16845901843e-08,6.61869208329e-08,-1.89124649275e-09,3.47196532857e-07,-9.89590844824e-08,5.39453094461e-06,0.0
1625182276690684398,height,4,32,width,4,8,imag,2,2,0,4.20312744609e-08,0.0,1.71381120406e-09,-3.08546765915e-09,-2.82783592098e-08,-8.60848725637e-09,-1.23091838944e-08,-8.68611138571e-09,1.71381120406e-09,3.08546765915e-09,3.96599307351e-06,0.0,5.04819608338e-09,-1.47787659444e-07,3.46185879962e-09,-3.27122222643e-08,-2.82783592098e-08,8.60848725637e-09,5.04819608338e-09,1.47787659444e-07,4.66611254524e-06,0.0,3.62699921652e-07,9.78402212581e-08,-1.23091838944e-08,8.68611138571e-09,3.46185879962e-09,3.27122222643e-08,3.62699921652e-07,-9.78402212581e-08,5.29677618033e-06,0.0
1625182276816680337,height,4,32,width,4,8,imag,2,2,0,4.1600710432e-08,0.0,-2.52842879966e-09,-3.5130238718e-09,-2.9192166906e-08,-8.87430662289e-09,-1.26356454189e-08,-7.37931449279e-09,-2.52842879966e-09,3.5130238718e-09,4.02658497478e-06,0.0,8.11387437238e-08,-1.15221737929e-07,9.20552523098e-09,-4.11232363717e-08,-2.9192166906e-08,8.87430662289e-09,8.11387437238e-08,1.15221737929e-07,4.6126469897e-06,0.0,2.82298088905e-07,1.26587394789e-07,-1.26356454189e-08,7.37931449279e-09,9.20552523098e-09,4.11232363717e-08,2.82298088905e-07,-1.26587394789e-07,5.40732798981e-06,0.0
1625182276942701491,height,4,32,width,4,8,imag,2,2,0,4.16375804946e-08,0.0,7.98414390157e-10,-1.72079173133e-09,-2.81995369278e-08,-5.55834578364e-09,-1.4023401107e-08,-7.74925901226e-09,7.98414390157e-10,1.72079173133e-09,3.92321544496e-06,0.0,2.96489428564e-08,-9.62912096725e-08,7.04003113583e-08,1.12871818558e-08,-2.81995369278e-08,5.55834578364e-09,2.96489428564e-08,9.62912096725e-08,4.56713405583e-06,0.0,2.63266542788e-07,5.42384199775e-08,-1.4023401107e-08,7.74925901226e-09,7.04003113583e-08,-1.12871818558e-08,2.63266542788e-07,-5.42384199775e-08,5.35331628271e-06,0.0
1625182277071890117,height,4,32,width,4,8,imag,2,2,0,4.18051655515e-08,0.0,2.0737835893e-09,-1.23382060124e-09,-3.25068185703e-08,-7.89511034327e-09,-1.35935618317e-08,-5.90369353404e-09,2.0737835893e-09,1.23382060124e-09,3.95285269406e-06,0.0,3.22974855749e-08,-9.23529412944e-08,2.16174225187e-08,-2.73105111859e-08,-3.25068185703e-08,7.89511034327e-09,3.22974855749e-08,9.23529412944e-08,4.66281244371e-06,0.0,3.38750652418e-07,8.89401334803e-08,-1.35935618317e-08,5.90369353404e-09,2.16174225187e-08,2.73105111859e-08,3.38750652418e-07,-8.89401334803e-08,5.34555692866e-06,0.0
1625182277199784811,height,4,32,width,4,8,imag,2,2,0,4.15384491248e-08,0.0,1.53644430512e-09,-3.39062422583e-09,-2.49010394526e-08,-8.79200090509e-09,-1.28002666244e-08,-9.49596667965e-09,1.53644430512e-09,3.39062422583e-09,3.95340521209e-06,0.0,-3.2702169861e-09,-7.98480570552e-08,-1.67456040145e-08,-4.03073352473e-09,-2.49010394526e-08,8.79200090509e-09,-3.2702169861e-09,7.98480570552e-08,4.61452964373e-06,0.0,3.62327227776e-07,1.05256702909e-07,-1.28002666244e-08,9.49596667965e-09,-1.67456040145e-08,4.03073352473e-09,3.62327227776e-07,-1.05256702909e-07,5.32801095687e-06,0.0
1625182277328157919,height,4,32,width,4,8,imag,2,2,0,4.18421421955e-08,0.0,-5.36962974085e-10,-2.43551112611e-09,-3.26456337518e-08,-6.3433085451e-09,-1.07273221417e-08,-6.03926286757e-09,-5.36962974085e-10,2.43551112611e-09,3.96962195737e-06,0.0,5.09708222296e-08,-8.08162354815e-08,-1.6772139233e-08,-1.73479683951e-08,-3.26456337518e-08,6.3433085451e-09,5.09708222296e-08,8.08162354815e-08,4.63378955828e-06,0.0,2.93491922321e-07,9.849167526e-08,-1.07273221417e-08,6.03926286757e-09,-1.6772139233e-08,1.73479683951e-08,2.93491922321e-07,-9.849167526e-08,5.34092760063e-06,0.0
1625182277455420888,height,4,32,width,4,8,imag,2,2,0,9.26372013055e-05,0.0,0.0021595468279,0.00495711620897,-0.00130748585798,0.00542889209464,-0.00627531483769,0.000110176129965,0.0021595468279,-0.00495711620897,0.323160231113,0.0,0.261585533619,0.198560342193,-0.14487183094,0.33877569437,-0.00130748585798,-0.00542889209464,0.261585533619,-0.198560342193,0.345273882151,0.0,0.0952909812331,0.365901052952,-0.00627531483769,-0.000110176129965,-0.14487183094,-0.33877569437,0.0952909812331,-0.365901052952,0.430043131113,0.0
1625182277584741358,height,4,32,width,4,8,imag,2,2,0,0.00011306360102,0.0,0.0027350273449,0.00584202259779,-0.00138496956788,0.00652055488899,-0.00747739244252,0.000539318250958,0.0027350273449,-0.00584202259779,0.377373665571,0.0,0.30630376935,0.232429429889,-0.158023670316,0.399673372507,-0.00138496956788,-0.00652055488899,0.30630376935,-0.232429429889,0.403699964285,0.0,0.122622296214,0.424581050873,-0.00747739244252,-0.000539318250958,-0.158023670316,-0.399673372507,0.122622296214,-0.424581050873,0.501912355423,0.0
1625182277714694869,height,4,32,width,4,8,imag,2,2,0,0.000118512034533,0.0,0.00283142994158,0.00601201038808,-0.00143924064469,0.0066976249218,-0.0077007827349,0.000401380326366,0.00283142994158,-0.00601201038808,0.381430178881,0.0,0.307147145271,0.235480859876,-0.168895483017,0.400605261326,-0.00143924064469,-0.0066976249218,0.307147145271,-0.235480859876,0.4061383605,0.0,0.116601116955,0.430088222027,-0.0077007827349,-0.000401380326366,-0.168895483017,-0.400605261326,0.116601116955,-0.430088222027,0.506955325603,0.0
1625182277847234091,height,4,32,width,4,8,imag,2,2,0,0.000119984972116,0.0,0.00252665532753,0.00615746388212,-0.00179144809954,0.0066253808327,-0.0077245044522,2.20011897909e-05,0.00252665532753,-0.00615746388212,0.378103554249,0.0,0.304461956024,0.234214812517,-0.166971176863,0.397139281034,-0.00179144809954,-0.0066253808327,0.304461956024,-0.234214812517,0.402855426073,0.0,0.116442985833,0.426227241755,-0.0077245044522,-2.20011897909e-05,-0.166971176863,-0.397139281034,0.116442985833,-0.426227241755,0.502789378166,0.0
1625182277967121809,height,4,32,width,4,8,imag,2,2,0,0.000121260665765,0.0,0.00207496876828,0.00635437527671,-0.00230386573821,0.00651020836085,-0.00774188153446,-0.000491934013553,0.00207496876828,-0.00635437527671,0.377691596746,0.0,0.303930729628,0.235018372536,-0.163891896605,0.39772349596,-0.00230386573821,-0.00651020836085,0.303930729628,-0.235018372536,0.403849035501,0.0,0.120758339763,0.425219148397,-0.00774188153446,0.000491934013553,-0.163891896605,-0.39772349596,0.120758339763,-0.425219148397,0.50230795145,0.0
1625182278097089264,height,4,32,width,4,8,imag,2,2,0,0.00011831169104,0.0,0.00125496147666,0.00650703022256,-0.00302859419025,0.00615196907893,-0.00755524588749,-0.0014612703817,0.00125496147666,-0.00650703022256,0.379723668098,0.0,0.307981073856,0.234150141478,-0.166241794825,0.400173038244,-0.00302859419025,-0.00615196907893,0.307981073856,-0.234150141478,0.407355844975,0.0,0.117201812565,0.430176526308,-0.00755524588749,0.0014612703817,-0.166241794825,-0.400173038244,0.117201812565,-0.430176526308,0.506747245789,0.0
1625182278226255935,height,4,32,width,4,8,imag,2,2,0,0.000107834704977,0.0,0.000838331587147,0.00622650049627,-0.00317285163328,0.00566926551983,-0.00709432084113,-0.00170080829412,0.000838331587147,-0.00622650049627,0.375012606382,0.0,0.305181652308,0.230052441359,-0.159739866853,0.397212415934,-0.00317285163328,-0.00566926551983,0.305181652308,-0.230052441359,0.401788383722,0.0,0.118660286069,0.424132376909,-0.00709432084113,0.00170080829412,-0.159739866853,-0.397212415934,0.118660286069,-0.424132376909,0.500735223293,0.0
1625182278352143420,height,4,32,width,4,8,imag,2,2,0,8.62388551468e-05,0.0,0.00134289008565,0.00548356538638,-0.00224202009849,0.00538034504279,-0.00652633421123,-0.000677674775943,0.00134289008565,-0.00548356538638,0.380491048098,0.0,0.310799449682,0.229800477624,-0.152097642422,0.406683206558,-0.00224202009849,-0.00538034504279,0.310799449682,-0.229800477624,0.406509399414,0.0,0.127615079284,0.427657663822,-0.00652633421123,0.000677674775943,-0.152097642422,-0.406683206558,0.127615079284,-0.427657663822,0.508053660393,0.0
1625182278479946831,height,4,32,width,4,8,imag,2,2,0,0.000103903163108,0.0,0.00229273573495,0.00572463776916,-0.00162780983374,0.00614384096116,-0.00715821003541,0.000458104681456,0.00229273573495,-0.00572463776916,0.378811538219,0.0,0.308171153069,0.230114430189,-0.139900192618,0.408373981714,-0.00162780983374,-0.00614384096116,0.308171153069,-0.230114430189,0.403327733278,0.0,0.140465095639,0.420968085527,-0.00715821003541,-0.000458104681456,-0.139900192618,-0.408373981714,0.140465095639,-0.420968085527,0.505642652512,0.0
1625182278608480961,height,4,32,width,4,8,imag,2,2,0,0.000103709317045,0.0,0.000688197033014,0.00581539329141,-0.00300779007375,0.00526366150007,-0.00670390948653,-0.00116264121607,0.000688197033014,-0.00581539329141,0.341407924891,0.0,0.279536128044,0.207393616438,-0.116021245718,0.37156444788,-0.00300779007375,-0.00526366150007,0.279536128044,-0.207393616438,0.36653470993,0.0,0.136686235666,0.378496199846,-0.00670390948653,0.00116264121607,-0.116021245718,-0.37156444788,0.136686235666,-0.378496199846,0.456469267607,0.0
1625182278736256138,height,4,32,width,4,8,imag,2,2,0,4.16666381398e-08,0.0,1.38071287736e-09,-2.15851225782e-09,-2.01752250462e-08,-5.00192065545e-09,-1.32116744211e-08,-7.53338191828e-09,1.38071287736e-09,2.15851225782e-09,3.94638709622e-06,0.0,6.96403645861e-08,-1.2772001412e-07,-6.66013093564e-08,3.61288563511e-08,-2.01752250462e-08,5.00192065545e-09,6.96403645861e-08,1.2772001412e-07,4.58024260297e-06,0.0,2.94040717108e-07,8.52506616411e-08,-1.32116744211e-08,7.53338191828e-09,-6.66013093564e-08,-3.61288563511e-08,2.94040717108e-07,-8.52506616411e-08,5.34655009687e-06,0.0
1625182278864865437,height,4,32,width,4,8,imag,2,2,0,4.22704928837e-08,0.0,5.44407907643e-10,-2.26033991524e-09,-2.89893851146e-08,-9.94537519006e-09,-1.25179324684e-08,-1.16521308158e-08,5.44407907643e-10,2.26033991524e-09,3.98390920964e-06,0.0,5.78342458368e-08,-4.82640913901e-08,-2.77921929914e-09,-4.55343602823e-08,-2.89893851146e-08,9.94537519006e-09,5.78342458368e-08,4.82640913901e-08,4.62665184386e-06,0.0,3.51210644567e-07,9.12221338467e-08,-1.25179324684e-08,1.16521308158e-08,-2.77921929914e-09,4.55343602823e-08,3.51210644567e-07,-9.12221338467e-08,5.38305630471e-06,0.0
1625182278991606315,height,4,32,width,4,8,imag,2,2,0,4.13576373148e-08,0.0,9.52393233722e-11,-3.33697158794e-09,-2.59540797742e-08,-5.8839519923e-09,-1.26000516687e-08,-9.22536447234e-09,9.52393233722e-11,3.33697158794e-09,3.98601059715e-06,0.0,1.42747698106e-08,-5.83994186343e-08,1.7907025196e-08,-2.67982862567e-08,-2.59540797742e-08,5.8839519923e-09,1.42747698106e-08,5.83994186343e-08,4.59786360807e-06,0.0,3.08245660108e-07,8.42699492409e-08,-1.26000516687e-08,9.22536447234e-09,1.7907025196e-08,2.67982862567e-08,3.08245660108e-07,-8.42699492409e-08,5.37031110071e-06,0.0
1625182279120809519,height,4,32,width,4,8,imag,2,2,0,4.18878656205e-08,0.0,1.91940019434e-09,-6.34721875059e-09,-2.82021836995e-08,-1.00782964196e-08,-1.39874227756e-08,-1.09561479888e-08,1.91940019434e-09,6.34721875059e-09,3.95933193431e-06,0.0,6.15293345163e-08,-7.79839979259e-08,-1.7097114835e-08,-6.9249509238e-08,-2.82021836995e-08,1.00782964196e-08,6.15293345163e-08,7.79839979259e-08,4.64195727545e-06,0.0,3.44324462276e-07,1.01275084319e-07,-1.39874227756e-08,1.09561479888e-08,-1.7097114835e-08,6.9249509238e-08,3.44324462276e-07,-1.01275084319e-07,5.30046554559e-06,0.0
1625182279247448942,height,4,32,width,4,8,imag,2,2,0,4.19123615814e-08,0.0,-3.06318748144e-10,-7.98872168417e-09,-2.99350091382e-08,-7.550490011e-09,-1.04951265456e-08,-7.82731568449e-09,-3.06318748144e-10,7.98872168417e-09,3.92901665691e-06,0.0,2.52395384592e-08,-1.46231997178e-07,4.96585315091e-08,7.22464079672e-08,-2.99350091382e-08,7.550490011e-09,2.52395384592e-08,1.46231997178e-07,4.65563744001e-06,0.0,2.55521513282e-07,1.01365657201e-07,-1.04951265456e-08,7.82731568449e-09,4.96585315091e-08,-7.22464079672e-08,2.55521513282e-07,-1.01365657201e-07,5.34662422069e-06,0.0
1625182279376873720,height,4,32,width,4,8,imag,2,2,0,4.19298444854e-08,0.0,7.08235803337e-10,7.02367608518e-10,-2.66432298446e-08,-5.64638025224e-09,-9.0015097598e-09,-7.91871723749e-09,7.08235803337e-10,-7.02367608518e-10,3.96901441491e-06,0.0,7.88647938066e-08,-7.28781941461e-08,3.44493429338e-08,2.15179660756e-08,-2.66432298446e-08,5.64638025224e-09,7.88647938066e-08,7.28781941461e-08,4.56483303424e-06,0.0,3.15365213055e-07,9.76938423491e-08,-9.0015097598e-09,7.91871723749e-09,3.44493429338e-08,-2.15179660756e-08,3.15365213055e-07,-9.76938423491e-08,5.38428412256e-06,0.0
1625182279503712048,height,4,32,width,4,8,imag,2,2,0,4.17606038638e-08,0.0,8.75530925537e-10,-1.43440637146e-09,-2.47991653879e-08,-7.47196615691e-09,-1.35315625371e-08,-1.20362173561e-08,8.75530925537e-10,1.43440637146e-09,3.96324003304e-06,0.0,2.94793522926e-08,-4.55334863148e-08,-1.62476485599e-08,-5.82366901369e-08,-2.47991653879e-08,7.47196615691e-09,2.94793522926e-08,4.55334863148e-08,4.5840056373e-06,0.0,3.40150052125e-07,3.16533430578e-08,-1.35315625371e-08,1.20362173561e-08,-1.62476485599e-08,5.82366901369e-08,3.40150052125e-07,-3.16533430578e-08,5.40337123311e-06,0.0
1625182279632534213,height,4,32,width,4,8,imag,2,2,0,4.18965768745e-08,0.0,1.82751092037e-09,-1.48115397725e-09,-2.91470705349e-08,-9.3058485362e-09,-1.65986175915e-08,-1.02571178218e-08,1.82751092037e-09,1.48115397725e-09,3.92903712054e-06,0.0,6.25902458751e-08,-7.94326879827e-08,2.17711626505e-08,-2.22858780319e-08,-2.91470705349e-08,9.3058485362e-09,6.25902458751e-08,7.94326879827e-08,4.61456647827e-06,0.0,2.40367228344e-07,1.06770329467e-07,-1.65986175915e-08,1.02571178218e-08,2.17711626505e-08,2.22858780319e-08,2.40367228344e-07,-1.06770329467e-07,5.33782940693e-06,0.0
1625182279766471136,height,4,32,width,4,8,imag,2,2,0,4.22893862151e-08,0.0,1.27784649528e-09,-3.76023390203e-09,-2.88387802527e-08,-1.07785149694e-08,-1.48529020194e-08,-7.45704475946e-09,1.27784649528e-09,3.76023390203e-09,3.98560723625e-06,0.0,4.43686296592e-08,-8.89144615712e-08,4.16167367234e-08,-2.03838617097e-08,-2.88387802527e-08,1.07785149694e-08,4.43686296592e-08,8.89144615712e-08,4.63044580101e-06,0.0,3.06954518692e-07,8.1417987019e-08,-1.48529020194e-08,7.45704475946e-09,4.16167367234e-08,2.03838617097e-08,3.06954518692e-07,-8.1417987019e-08,5.32648118678e-06,0.0
1625182279888540123,height,4,32,width,4,8,imag,2,2,0,4.18131271829e-08,0.0,-1.3279071176e-09,-1.69577063502e-09,-2.85972454606e-08,-6.41921316102e-09,-1.6407687653e-08,-9.7146148903e-09,-1.3279071176e-09,1.69577063502e-09,3.94871858589e-06,0.0,2.9329276785e-08,-9.98750380177e-08,3.3413087408e-08,-3.06810434836e-08,-2.85972454606e-08,6.41921316102e-09,2.9329276785e-08,9.98750380177e-08,4.62042999061e-06,0.0,2.97828933071e-07,9.56492414161e-08,-1.6407687653e-08,9.7146148903e-09,3.3413087408e-08,3.06810434836e-08,2.97828933071e-07,-9.56492414161e-08,5.37549794899e-06,0.0
1625182280015506394,height,4,32,width,4,8,imag,2,2,0,4.20152055369e-08,0.0,4.07710060157e-10,-9.99720639605e-10,-3.07685752432e-08,-9.66904423194e-09,-1.79182766402e-08,-6.54595444516e-09,4.07710060157e-10,9.99720639605e-10,3.94376047552e-06,0.0,3.67262451562e-08,-8.32310860233e-08,1.88598416884e-08,-4.79323958302e-08,-3.07685752432e-08,9.66904423194e-09,3.67262451562e-08,8.32310860233e-08,4.58019758298e-06,0.0,2.8377127137e-07,1.22974014971e-07,-1.79182766402e-08,6.54595444516e-09,1.88598416884e-08,4.79323958302e-08,2.8377127137e-07,-1.22974014971e-07,5.30425086254e-06,0.0
1625182280145061526,height,4,32,width,4,8,imag,2,2,0,4.18397263502e-08,0.0,-1.37363578845e-10,1.09581588248e-09,-2.81364638255e-08,-1.16446114973e-08,-1.38167912667e-08,-1.28282948708e-08,-1.37363578845e-10,-1.09581588248e-09,3.92085439671e-06,0.0,4.30207833801e-08,-8.29718231898e-08,4.16863557007e-08,-2.9954691172e-08,-2.81364638255e-08,1.16446114973e-08,4.30207833801e-08,8.29718231898e-08,4.62431762571e-06,0.0,3.68372752746e-07,8.36430444906e-08,-1.38167912667e-08,1.28282948708e-08,4.16863557007e-08,2.9954691172e-08,3.68372752746e-07,-8.36430444906e-08,5.37136611456e-06,0.0
1625182280271550648,height,4,32,width,4,8,imag,2,2,0,4.19082546443e-08,0.0,-2.61971311311e-09,1.77260084389e-09,-3.09310408397e-08,-6.10314110361e-09,-1.32374804451e-08,-7.77863995438e-09,-2.61971311311e-09,-1.77260084389e-09,3.99923874284e-06,0.0,5.0561261844e-08,-6.68737811793e-08,-3.20688258171e-08,-2.3703307761e-08,-3.09310408397e-08,6.10314110361e-09,5.0561261844e-08,6.68737811793e-08,4.69266706205e-06,0.0,2.80577211242e-07,8.85894166913e-08,-1.32374804451e-08,7.77863995438e-09,-3.20688258171e-08,2.3703307761e-08,2.80577211242e-07,-8.85894166913e-08,5.33922411705e-06,0.0
1625182280400844739,height,4,32,width,4,8,imag,2,2,0,4.19791348349e-08,0.0,1.73167669093e-09,-4.63430360753e-09,-2.73614908508e-08,-7.49281969803e-09,-1.17951959311e-08,-6.2102030185e-09,1.73167669093e-09,4.63430360753e-09,3.99757846026e-06,0.0,1.87176141253e-08,-9.31595067755e-08,-3.96665065239e-08,-2.51554244102e-08,-2.73614908508e-08,7.49281969803e-09,1.87176141253e-08,9.31595067755e-08,4.59870989289e-06,0.0,2.65855732096e-07,1.10681021681e-07,-1.17951959311e-08,6.2102030185e-09,-3.96665065239e-08,2.51554244102e-08,2.65855732096e-07,-1.10681021681e-07,5.28705459146e-06,0.0
1625182280527685367,height,4,32,width,4,8,imag,2,2,0,4.17663237329e-08,0.0,3.20586268643e-09,-4.98968732998e-09,-2.47757867555e-08,-9.23845799861e-09,-1.16170477682e-08,-8.89048745734e-09,3.20586268643e-09,4.98968732998e-09,3.99995815314e-06,0.0,-9.75022818039e-09,-9.79704424253e-08,7.19941297689e-08,-3.89270624623e-08,-2.47757867555e-08,9.23845799861e-09,-9.75022818039e-09,9.79704424253e-08,4.60937280877e-06,0.0,3.37291652386e-07,1.48718115156e-07,-1.16170477682e-08,8.89048745734e-09,7.19941297689e-08,3.89270624623e-08,3.37291652386e-07,-1.48718115156e-07,5.32165586264e-06,0.0
1625182280656511433,height,4,32,width,4,8,imag,2,2,0,4.16221901389e-08,0.0,-9.29922361337e-10,-5.13810016756e-09,-3.07464986804e-08,-9.62940482907e-09,-1.34186199929e-08,-1.1720580062e-08,-9.29922361337e-10,5.13810016756e-09,3.97361100113e-06,0.0,1.93905709267e-08,-1.00289575755e-07,2.97975724095e-08,3.27824434265e-09,-3.07464986804e-08,9.62940482907e-09,1.93905709267e-08,1.00289575755e-07,4.60450655737e-06,0.0,3.28998169152e-07,7.26775226667e-08,-1.34186199929e-08,1.1720580062e-08,2.97975724095e-08,-3.27824434265e-09,3.28998169152e-07,-7.26775226667e-08,5.37733740202e-06,0.0
1625182280783667594,height,4,32,width,4,8,imag,2,2,0,4.17068335423e-08,0.0,-2.37701391903e-09,-1.14014708785e-09,-3.02855482914e-08,-1.14664304718e-08,-1.374511438e-08,-9.3409884272e-09,-2.37701391903e-09,1.14014708785e-09,3.99243117499e-06,0.0,7.70220154322e-08,-8.50390762253e-08,1.61356155104e-08,-1.86477340236e-08,-3.02855482914e-08,1.14664304718e-08,7.70220154322e-08,8.50390762253e-08,4.64102777187e-06,0.0,3.36125594913e-07,1.51808720261e-07,-1.374511438e-08,9.3409884272e-09,1.61356155104e-08,1.86477340236e-08,3.36125594913e-07,-1.51808720261e-07,5.38808217243e-06,0.0
1625182280919268634,height,4,32,width,4,8,imag,2,2,0,4.14708694052e-08,0.0,2.78134981713e-09,-1.30454402836e-09,-2.84001728801e-08,-6.21875440032e-09,-1.52883075089e-08,-8.22748180695e-09,2.78134981713e-09,1.30454402836e-09,3.9520473365e-06,0.0,5.49541852024e-08,-6.31768202197e-08,1.36645841309e-08,2.06647432499e-09,-2.84001728801e-08,6.21875440032e-09,5.49541852024e-08,6.31768202197e-08,4.63293918074e-06,0.0,3.46987320654e-07,1.08092223172e-07,-1.52883075089e-08,8.22748180695e-09,1.36645841309e-08,-2.06647432499e-09,3.46987320654e-07,-1.08092223172e-07,5.29557382833e-06,0.0
1625182281039135383,height,4,32,width,4,8,imag,2,2,0,4.15914698237e-08,0.0,1.23984134071e-09,-4.29236868271e-09,-2.47457787594e-08,-8.55759196838e-09,-1.03148964925e-08,-9.02552699245e-09,1.23984134071e-09,4.29236868271e-09,3.94794096792e-06,0.0,6.34943191358e-08,-1.03610680924e-07,-2.90794019975e-08,-3.36714656157e-08,-2.47457787594e-08,8.55759196838e-09,6.34943191358e-08,1.03610680924e-07,4.65200400868e-06,0.0,2.71885113534e-07,1.33774761935e-07,-1.03148964925e-08,9.02552699245e-09,-2.90794019975e-08,3.36714656157e-08,2.71885113534e-07,-1.33774761935e-07,5.33975844519e-06,0.0
1625182281168221612,height,4,32,width,4,8,imag,2,2,0,4.15443537349e-08,0.0,-5.97809357572e-10,8.01637922709e-10,-2.76046314696e-08,-7.05218416996e-09,-1.2994521903e-08,-8.35491320572e-09,-5.97809357572e-10,-8.01637922709e-10,4.01276565754e-06,0.0,6.66819914841e-08,-6.46698055107e-08,5.8042427753e-08,-7.91320253768e-09,-2.76046314696e-08,7.05218416996e-09,6.66819914841e-08,6.46698055107e-08,4.60394267066e-06,0.0,3.04738620116e-07,1.43195165947e-07,-1.2994521903e-08,8.35491320572e-09,5.8042427753e-08,7.91320253768e-09,3.04738620116e-07,-1.43195165947e-07,5.30983334102e-06,0.0
1625182281301673922,height,4,32,width,4,8,imag,2,2,0,4.17905852146e-08,0.0,-1.38815126061e-10,-2.62726729261e-09,-2.94485129615e-08,-3.98224164755e-09,-1.50266075138e-08,-6.21461992978e-09,-1.38815126061e-10,2.62726729261e-09,3.94605058318e-06,0.0,1.46360505937e-08,-1.14153358766e-07,-2.91181248002e-08,-7.44905577221e-08,-2.94485129615e-08,3.98224164755e-09,1.46360505937e-08,1.14153358766e-07,4.62771595267e-06,0.0,3.40380324815e-07,9.46200842122e-08,-1.50266075138e-08,6.21461992978e-09,-2.91181248002e-08,7.44905577221e-08,3.40380324815e-07,-9.46200842122e-08,5.35576009497e-06,0.0
1625182281424955853,height,4,32,width,4,8,imag,2,2,0,4.20618242458e-08,0.0,-2.82530909779e-09,-5.37867084205e-09,-2.98158013834e-08,-8.96842689002e-09,-1.22679892911e-08,-1.31414870097e-08,-2.82530909779e-09,5.37867084205e-09,3.98487645725e-06,0.0,1.59087953921e-09,-8.09056928119e-08,1.84485546839e-08,-3.42635431139e-08,-2.98158013834e-08,8.96842689002e-09,1.59087953921e-09,8.09056928119e-08,4.60214005216e-06,0.0,2.95323729915e-07,1.43795219287e-07,-1.22679892911e-08,1.31414870097e-08,1.84485546839e-08,3.42635431139e-08,2.95323729915e-07,-1.43795219287e-07,5.29399721927e-06,0.0
1625182281551556879,height,4,32,width,4,8,imag,2,2,0,4.1719431465e-08,0.0,2.06852734941e-09,-2.5250210256e-10,-2.73820734975e-08,-7.6900281698e-09,-1.49640531077e-08,-1.14726876888e-08,2.06852734941e-09,2.5250210256e-10,3.96444147555e-06,0.0,2.01084464635e-08,-8.52803907492e-08,3.50675435357e-08,-4.04243110097e-08,-2.73820734975e-08,7.6900281698e-09,2.01084464635e-08,8.52803907492e-08,4.61055924461e-06,0.0,3.39943170502e-07,1.16469784928e-07,-1.49640531077e-08,1.14726876888e-08,3.50675435357e-08,4.04243110097e-08,3.39943170502e-07,-1.16469784928e-07,5.39293841939e-06,0.0
1625182281680244830,height,4,32,width,4,8,imag,2,2,0,4.19792307582e-08,0.0,-3.0131028228e-10,-4.13953671341e-09,-2.80947141107e-08,-7.68949437457e-09,-1.30298882794e-08,-3.88579879385e-09,-3.0131028228e-10,4.13953671341e-09,4.01684837925e-06,0.0,3.28127605087e-08,-6.5960186646e-08,1.38227953528e-08,-3.38064829464e-08,-2.80947141107e-08,7.68949437457e-09,3.28127605087e-08,6.5960186646e-08,4.66009987576e-06,0.0,2.91427539878e-07,6.476098946e-08,-1.30298882794e-08,3.88579879385e-09,1.38227953528e-08,3.38064829464e-08,2.91427539878e-07,-6.476098946e-08,5.39433449376e-06,0.0
1625182281806969531,height,4,32,width,4,8,imag,2,2,0,3.88073131035e-05,0.0,0.00139711052179,0.00199570949189,-8.38506457512e-05,0.00251408852637,-0.00274389330298,0.000718999130186,0.00139711052179,-0.00199570949189,0.156978413463,0.0,0.127530753613,0.0961526781321,-0.0637628957629,0.167262256145,-8.38506457512e-05,-0.00251408852637,0.127530753613,-0.0961526781321,0.167668431997,0.0,0.0529050007463,0.176337406039,-0.00274389330298,-0.000718999130186,-0.0637628957629,-0.167262256145,0.0529050007463,-0.176337406039,0.209350809455,0.0
1625182281936819493,height,4,32,width,4,8,imag,2,2,0,9.5784154837e-05,0.0,0.00337897520512,0.00490964390337,-0.000240795794525,0.00615189038217,-0.0066758133471,0.00190055649728,0.00337897520512,-0.00490964390337,0.380785644054,0.0,0.309714823961,0.232456833124,-0.143019840121,0.409799575806,-0.000240795794525,-0.00615189038217,0.309714823961,-0.232456833124,0.407071143389,0.0,0.14009565115,0.424436479807,-0.0066758133471,-0.00190055649728,-0.143019840121,-0.409799575806,0.14009565115,-0.424436479807,0.507967174053,0.0
1625182282069252306,height,4,32,width,4,8,imag,2,2,0,9.63738420978e-05,0.0,0.00343969208188,0.00489297043532,-0.000183546246262,0.00617013778538,-0.00666739558801,0.00200196471997,0.00343969208188,-0.00489297043532,0.380972623825,0.0,0.309415996075,0.232552319765,-0.140981003642,0.410383075476,-0.000183546246262,-0.00617013778538,0.309415996075,-0.232552319765,0.406516283751,0.0,0.142305508256,0.423264861107,-0.00666739558801,-0.00200196471997,-0.140981003642,-0.410383075476,0.142305508256,-0.423264861107,0.507616043091,0.0
1625182282191740143,height,4,32,width,4,8,imag,2,2,0,9.42883416428e-05,0.0,0.00339728337713,0.0047821411863,-0.000161668751389,0.0060511874035,-0.00657156901434,0.00190648867283,0.00339728337713,-0.0047821411863,0.375339627266,0.0,0.304853647947,0.229909360409,-0.145227640867,0.40269613266,-0.000161668751389,-0.0060511874035,0.304853647947,-0.229909360409,0.40038767457,0.0,0.134248733521,0.419485986233,-0.00657156901434,-0.00190648867283,-0.145227640867,-0.40269613266,0.134248733521,-0.419485986233,0.501432716846,0.0
1625182282319363666,height,4,32,width,4,8,imag,2,2,0,9.36159995035e-05,0.0,0.00337564665824,0.00483074691147,-0.000212420418393,0.00608292920515,-0.00659060664475,0.00192457146477,0.00337564665824,-0.00483074691147,0.38105225563,0.0,0.308872282505,0.233327358961,-0.143486604095,0.410074174404,-0.000212420418393,-0.00608292920515,0.308872282505,-0.233327358961,0.407279908657,0.0,0.141574427485,0.42449209094,-0.00659060664475,-0.00192457146477,-0.143486604095,-0.410074174404,0.141574427485,-0.42449209094,0.508686721325,0.0
1625182282454495639,height,4,32,width,4,8,imag,2,2,0,9.45997235249e-05,0.0,0.00333841633983,0.00486267684028,-0.00023864551622,0.00608984939754,-0.00662789819762,0.00181405211333,0.00333841633983,-0.00486267684028,0.37763428688,0.0,0.307736217976,0.230366453528,-0.145254552364,0.404952377081,-0.00023864551622,-0.00608984939754,0.307736217976,-0.230366453528,0.40392062068,0.0,0.134501457214,0.422236770391,-0.00662789819762,-0.00181405211333,-0.145254552364,-0.404952377081,0.134501457214,-0.422236770391,0.503808736801,0.0
1625182282575370889,height,4,32,width,4,8,imag,2,2,0,9.95804875856e-05,0.0,0.00325769255869,0.00510890036821,-0.00047478560009,0.00623211683705,-0.00685008009896,0.00167174008675,0.00325769255869,-0.00510890036821,0.378548562527,0.0,0.306969642639,0.231290206313,-0.143252000213,0.406486392021,-0.00047478560009,-0.00623211683705,0.306969642639,-0.231290206313,0.403556853533,0.0,0.138388440013,0.420985877514,-0.00685008009896,-0.00167174008675,-0.143252000213,-0.406486392021,0.138388440013,-0.420985877514,0.50413441658,0.0
1625182282704725945,height,4,32,width,4,8,imag,2,2,0,0.000104226004623,0.0,0.00330264493823,0.00525007536635,-0.000515073072165,0.00637707766145,-0.00700941495597,0.00163610943127,0.00330264493823,-0.00525007536635,0.378535360098,0.0,0.307476997375,0.230931699276,-0.144643098116,0.405286222696,-0.000515073072165,-0.00637707766145,0.307476997375,-0.230931699276,0.40350189805,0.0,0.135625332594,0.421223163605,-0.00700941495597,-0.00163610943127,-0.144643098116,-0.405286222696,0.135625332594,-0.421223163605,0.501901686192,0.0
1625182282831408958,height,4,32,width,4,8,imag,2,2,0,0.000109896493086,0.0,0.00328870560043,0.00545252813026,-0.000680739525706,0.0065392209217,-0.00722979567945,0.00158985250164,0.00328870560043,-0.00545252813026,0.378142893314,0.0,0.306625306606,0.232362791896,-0.142366826534,0.406443715096,-0.000680739525706,-0.0065392209217,0.306625306606,-0.232362791896,0.40383452177,0.0,0.140069440007,0.420741826296,-0.00722979567945,-0.00158985250164,-0.142366826534,-0.406443715096,0.140069440007,-0.420741826296,0.503392934799,0.0
1625182282964704282,height,4,32,width,4,8,imag,2,2,0,0.0001117755819,0.0,0.00326073705219,0.00553485332057,-0.000750506646,0.0065834466368,-0.00729775382206,0.00157305481844,0.00326073705219,-0.00553485332057,0.378447324038,0.0,0.306342214346,0.231935784221,-0.139667659998,0.407192051411,-0.000750506646,-0.0065834466368,0.306342214346,-0.231935784221,0.403452843428,0.0,0.142791002989,0.419215917587,-0.00729775382206,-0.00157305481844,-0.139667659998,-0.407192051411,0.142791002989,-0.419215917587,0.503306567669,0.0
1625182283088017188,height,4,32,width,4,8,imag,2,2,0,3.75060881197e-05,0.0,0.00116821879055,0.00185347197112,-0.000179364898941,0.0022482466884,-0.00248000910506,0.000548965763301,0.00116821879055,-0.00185347197112,0.13105879724,0.0,0.106040984392,0.0796852186322,-0.051589217037,0.139763861895,-0.000179364898941,-0.0022482466884,0.106040984392,-0.0796852186322,0.139136835933,0.0,0.0454879365861,0.145931750536,-0.00248000910506,-0.000548965763301,-0.051589217037,-0.139763861895,0.0454879365861,-0.145931750536,0.173691481352,0.0
1625182283216861437,height,4,32,width,4,8,imag,2,2,0,4.16065191189e-08,0.0,-2.35098052137e-09,-1.90468218975e-09,-2.86857257947e-08,-1.14179359301e-08,-1.1783034104e-08,-7.46513162397e-09,-2.35098052137e-09,1.90468218975e-09,3.96611039832e-06,0.0,3.21402211512e-08,-7.79496645009e-08,-1.14781339988e-08,-3.19420667694e-09,-2.86857257947e-08,1.14179359301e-08,3.21402211512e-08,7.79496645009e-08,4.58151998828e-06,0.0,3.1778526477e-07,1.36336069545e-07,-1.1783034104e-08,7.46513162397e-09,-1.14781339988e-08,3.19420667694e-09,3.1778526477e-07,-1.36336069545e-07,5.42995940123e-06,0.0
1625182283344734011,height,4,32,width,4,8,imag,2,2,0,4.20973016446e-08,0.0,1.14543576013e-10,-3.39226180479e-09,-2.66702944174e-08,-4.23926227455e-09,-1.32936897046e-08,-8.00430122183e-09,1.14543576013e-10,3.39226180479e-09,3.98172733185e-06,0.0,3.55958000853e-08,-6.390256857e-08,7.14034271709e-08,-2.22163762942e-08,-2.66702944174e-08,4.23926227455e-09,3.55958000853e-08,6.390256857e-08,4.61640183858e-06,0.0,3.09144041921e-07,1.34709779331e-07,-1.32936897046e-08,8.00430122183e-09,7.14034271709e-08,2.22163762942e-08,3.09144041921e-07,-1.34709779331e-07,5.27399424755e-06,0.0
1625182283478801694,height,4,32,width,4,8,imag,2,2,0,4.18997103679e-08,0.0,-6.59601540054e-11,7.05474637042e-11,-3.10085965793e-08,-6.8804060227e-09,-1.53356118915e-08,-1.02137818203e-08,-6.59601540054e-11,-7.05474637042e-11,3.94269454773e-06,0.0,5.13833455784e-08,-7.89148160152e-08,-3.64149741472e-08,-2.58320138613e-08,-3.10085965793e-08,6.8804060227e-09,5.13833455784e-08,7.89148160152e-08,4.6510554057e-06,0.0,3.27275216705e-07,1.25261351513e-07,-1.53356118915e-08,1.02137818203e-08,-3.64149741472e-08,2.58320138613e-08,3.27275216705e-07,-1.25261351513e-07,5.3566736824e-06,0.0
1625182283599973700,height,4,32,width,4,8,imag,2,2,0,4.16314307472e-08,0.0,-4.58095561484e-10,-3.67548369518e-09,-3.21033652995e-08,-1.0114747262e-08,-1.54042130163e-08,-1.00041672724e-08,-4.58095561484e-10,3.67548369518e-09,3.99289683628e-06,0.0,8.6778960906e-08,-1.56093861392e-07,1.66800742107e-08,-8.66168381464e-09,-3.21033652995e-08,1.0114747262e-08,8.6778960906e-08,1.56093861392e-07,4.68266807729e-06,0.0,3.23075454389e-07,1.13009171798e-07,-1.54042130163e-08,1.00041672724e-08,1.66800742107e-08,8.66168381464e-09,3.23075454389e-07,-1.13009171798e-07,5.37590676686e-06,0.0
1625182283728299863,height,4,32,width,4,8,imag,2,2,0,4.16545553605e-08,0.0,1.48673384714e-09,-5.13979525607e-09,-2.63875445938e-08,-9.63598090209e-09,-1.12678666397e-08,-8.84879991503e-09,1.48673384714e-09,5.13979525607e-09,3.96878431275e-06,0.0,9.09705732965e-09,-1.0917672455e-07,3.17808854788e-08,-3.19597504017e-08,-2.63875445938e-08,9.63598090209e-09,9.09705732965e-09,1.0917672455e-07,4.5994370339e-06,0.0,3.7237063566e-07,1.35079915253e-07,-1.12678666397e-08,8.84879991503e-09,3.17808854788e-08,3.19597504017e-08,3.7237063566e-07,-1.35079915253e-07,5.32753074367e-06,0.0
1625182283855485777,height,4,32,width,4,8,imag,2,2,0,4.17557117771e-08,0.0,1.84812679049e-10,-5.97149618642e-09,-2.84545862428e-08,-6.53619114388e-09,-1.30486998984e-08,-4.24055057735e-09,1.84812679049e-10,5.97149618642e-09,3.97060603063e-06,0.0,3.51242590568e-08,-1.54399728558e-07,4.00198025829e-08,-9.62055946019e-09,-2.84545862428e-08,6.53619114388e-09,3.51242590568e-08,1.54399728558e-07,4.64331878902e-06,0.0,2.88037199425e-07,1.02664593271e-07,-1.30486998984e-08,4.24055057735e-09,4.00198025829e-08,9.62055946019e-09,2.88037199425e-07,-1.02664593271e-07,5.33661022928e-06,0.0
1625182283984221450,height,4,32,width,4,8,imag,2,2,0,4.2363463848e-08,0.0,1.62996205422e-09,-3.49653705989e-09,-2.85605938899e-08,-3.30045635266e-09,-1.56790243011e-08,-6.51717213529e-09,1.62996205422e-09,3.49653705989e-09,3.9479532461e-06,0.0,3.49251223497e-08,-1.15374540144e-07,-4.72179761957e-09,-5.57962254177e-09,-2.85605938899e-08,3.30045635266e-09,3.49251223497e-08,1.15374540144e-07,4.64539652967e-06,0.0,2.56561236256e-07,1.02992409268e-07,-1.56790243011e-08,6.51717213529e-09,-4.72179761957e-09,5.57962254177e-09,2.56561236256e-07,-1.02992409268e-07,5.31490286448e-06,0.0
1625182284111466292,height,4,32,width,4,8,imag,2,2,0,4.1697841624e-08,0.0,-1.1237183406e-09,-9.0609812986e-09,-2.6362670269e-08,-9.4712211407e-09,-1.38339695255e-08,-1.00402592906e-08,-1.1237183406e-09,9.0609812986e-09,3.94371591028e-06,0.0,3.23259321533e-08,-9.46531244495e-08,6.11377837245e-09,-3.15601127454e-08,-2.6362670269e-08,9.4712211407e-09,3.23259321533e-08,9.46531244495e-08,4.58761360278e-06,0.0,2.94519708177e-07,1.42583317597e-07,-1.38339695255e-08,1.00402592906e-08,6.11377837245e-09,3.15601127454e-08,2.94519708177e-07,-1.42583317597e-07,5.33425964022e-06,0.0
1625182284240809196,height,4,32,width,4,8,imag,2,2,0,4.19741148505e-08,0.0,-6.64994781463e-10,-7.83501430401e-10,-2.542821953e-08,-9.36070598812e-09,-1.10681170895e-08,-5.37782129939e-09,-6.64994781463e-10,7.83501430401e-10,3.95226834371e-06,0.0,3.42851365076e-08,-7.84193190384e-08,2.3996015841e-08,-2.7841433603e-09,-2.542821953e-08,9.36070598812e-09,3.42851365076e-08,7.84193190384e-08,4.58212025478e-06,0.0,3.00597946534e-07,8.1292292009e-08,-1.10681170895e-08,5.37782129939e-09,2.3996015841e-08,2.7841433603e-09,3.00597946534e-07,-8.1292292009e-08,5.31877685717e-06,0.0
1625182284367440284,height,4,32,width,4,8,imag,2,2,0,4.17325622948e-08,0.0,-8.36299529627e-10,-2.20476059631e-09,-3.08712344577e-08,-9.62877688693e-09,-1.10601892089e-08,-1.17878320438e-08,-8.36299529627e-10,2.20476059631e-09,3.95792358177e-06,0.0,6.572939526e-08,-1.18880450373e-07,2.0935194911e-08,-2.89425514666e-08,-3.08712344577e-08,9.62877688693e-09,6.572939526e-08,1.18880450373e-07,4.68705138701e-06,0.0,3.34654117751e-07,1.33596969931e-07,-1.10601892089e-08,1.17878320438e-08,2.0935194911e-08,2.89425514666e-08,3.34654117751e-07,-1.33596969931e-07,5.29124645254e-06,0.0
1625182284497129820,height,4,32,width,4,8,imag,2,2,0,4.18603178787e-08,0.0,-3.59451046705e-09,-1.6739986064e-09,-2.52634748676e-08,-6.60775922867e-09,-1.20759429123e-08,-9.38892252833e-09,-3.59451046705e-09,1.6739986064e-09,3.91923094867e-06,0.0,4.64816771739e-08,-1.30396642817e-07,3.50879645339e-08,-2.72720743766e-08,-2.52634748676e-08,6.60775922867e-09,4.64816771739e-08,1.30396642817e-07,4.64572121928e-06,0.0,2.95149504836e-07,1.07400822458e-07,-1.20759429123e-08,9.38892252833e-09,3.50879645339e-08,2.72720743766e-08,2.95149504836e-07,-1.07400822458e-07,5.32470903636e-06,0.0
1625182284610007013,height,4,32,width,4,8,imag,2,2,0,4.17011705167e-08,0.0,5.2025922459e-10,-3.22017679188e-09,-2.52770622211e-08,-6.88266776905e-09,-1.14618652347e-08,-7.72306751884e-09,5.2025922459e-10,3.22017679188e-09,3.96243376599e-06,0.0,7.7361306694e-08,-9.35013630965e-08,9.45004785535e-08,-1.97952392256e-08,-2.52770622211e-08,6.88266776905e-09,7.7361306694e-08,9.35013630965e-08,4.64211734652e-06,0.0,2.59986933315e-07,1.03402641116e-07,-1.14618652347e-08,7.72306751884e-09,9.45004785535e-08,1.97952392256e-08,2.59986933315e-07,-1.03402641116e-07,5.34489345227e-06,0.0
1625182284730373607,height,4,32,width,4,8,imag,2,2,0,4.1756532454e-08,0.0,-1.1589065263e-09,-3.15495896075e-09,-2.95247613025e-08,-1.10327791347e-08,-1.54124766283e-08,-1.45540246521e-08,-1.1589065263e-09,3.15495896075e-09,3.92310403186e-06,0.0,4.12845331255e-08,-1.26703099568e-07,4.40969838422e-09,-1.88484712282e-08,-2.95247613025e-08,1.10327791347e-08,4.12845331255e-08,1.26703099568e-07,4.59477769255e-06,0.0,3.06397055283e-07,7.00647149188e-08,-1.54124766283e-08,1.45540246521e-08,4.40969838422e-09,1.88484712282e-08,3.06397055283e-07,-7.00647149188e-08,5.37843243364e-06,0.0
1625182284884549381,height,4,32,width,4,8,imag,2,2,0,4.18159622484e-08,0.0,-1.68281633073e-09,-3.43128436775e-09,-2.67591993008e-08,-8.79081962779e-09,-1.20831078476e-08,-5.55771828559e-09,-1.68281633073e-09,3.43128436775e-09,3.95809456677e-06,0.0,3.69432129332e-08,-8.24701018587e-08,4.13320000447e-09,-3.48421984597e-08,-2.67591993008e-08,8.79081962779e-09,3.69432129332e-08,8.24701018587e-08,4.60673800262e-06,0.0,3.12730719543e-07,1.29577244934e-07,-1.20831078476e-08,5.55771828559e-09,4.13320000447e-09,3.48421984597e-08,3.12730719543e-07,-1.29577244934e-07,5.31672458237e-06,0.0
1625182285016687858,height,4,32,width,4,8,imag,2,2,0,4.20948573776e-08,0.0,2.20085838443e-09,-3.75547282161e-09,-3.00109483931e-08,-5.80615422408e-09,-1.25033130516e-08,-1.0663590011e-08,2.20085838443e-09,3.75547282161e-09,3.94008065996e-06,0.0,1.43156020371e-08,-6.48705196227e-08,-1.25365637871e-08,-2.38185648982e-09,-3.00109483931e-08,5.80615422408e-09,1.43156020371e-08,6.48705196227e-08,4.59043985757e-06,0.0,4.07350682963e-07,9.53580041596e-08,-1.25033130516e-08,1.0663590011e-08,-1.25365637871e-08,2.38185648982e-09,4.07350682963e-07,-9.53580041596e-08,5.36559355169e-06,0.0
1625182285137294394,height,4,32,width,4,8,imag,2,2,0,4.20955856839e-08,0.0,1.36894912073e-10,-3.11782799578e-09,-2.83027929981e-08,-9.52555812006e-09,-1.59875881423e-08,-6.37529939951e-09,1.36894912073e-10,3.11782799578e-09,3.92864694732e-06,0.0,5.90819730917e-08,-9.29179364562e-08,4.7565837491e-08,-1.84349193688e-08,-2.83027929981e-08,9.52555812006e-09,5.90819730917e-08,9.29179364562e-08,4.63020160169e-06,0.0,2.76651462627e-07,8.01023460895e-08,-1.59875881423e-08,6.37529939951e-09,4.7565837491e-08,1.84349193688e-08,2.76651462627e-07,-8.01023460895e-08,5.33974343853e-06,0.0
1625182285266188598,height,4,32,width,4,8,imag,2,2,0,4.16398897585e-08,0.0,-1.64112612389e-09,-3.53477225268e-09,-2.9149470393e-08,-1.0043875065e-08,-1.24384884614e-08,-7.15375758631e-09,-1.64112612389e-09,3.53477225268e-09,3.94732342102e-06,0.0,3.88222716197e-08,-9.45304421407e-08,3.92895893597e-09,-5.94718905234e-08,-2.9149470393e-08,1.0043875065e-08,3.88222716197e-08,9.45304421407e-08,4.68788948638e-06,0.0,3.20962811884e-07,7.60595142424e-08,-1.24384884614e-08,7.15375758631e-09,3.92895893597e-09,5.94718905234e-08,3.20962811884e-07,-7.60595142424e-08,5.35503659194e-06,0.0
1625182285392824543,height,4,32,width,4,8,imag,2,2,0,4.19546211106e-08,0.0,-1.31882138543e-09,-3.91336696381e-09,-3.26579332466e-08,-7.33479765813e-09,-7.94941712456e-09,-1.21105578899e-08,-1.31882138543e-09,3.91336696381e-09,3.97057328883e-06,0.0,2.87277899247e-08,-8.7432894702e-08,4.91286229476e-08,-5.57841737248e-08,-3.26579332466e-08,7.33479765813e-09,2.87277899247e-08,8.7432894702e-08,4.62856087324e-06,0.0,3.35217492875e-07,7.63440866081e-08,-7.94941712456e-09,1.21105578899e-08,4.91286229476e-08,5.57841737248e-08,3.35217492875e-07,-7.63440866081e-08,5.35584467798e-06,0.0
1625182285526369348,height,4,32,width,4,8,imag,2,2,0,4.1814143259e-08,0.0,7.22024939837e-10,-5.14995335266e-09,-2.77995226838e-08,-7.36250349576e-09,-1.45633674009e-08,-8.71975736061e-09,7.22024939837e-10,5.14995335266e-09,4.00077533413e-06,0.0,3.07528225107e-08,-7.05527654077e-08,-5.54117418616e-10,-2.61881858421e-08,-2.77995226838e-08,7.36250349576e-09,3.07528225107e-08,7.05527654077e-08,4.62691923531e-06,0.0,3.45497625176e-07,8.24166406233e-08,-1.45633674009e-08,8.71975736061e-09,-5.54117418616e-10,2.61881858421e-08,3.45497625176e-07,-8.24166406233e-08,5.34403670827e-06,0.0
1625182285652750763,height,4,32,width,4,8,imag,2,2,0,4.23466808286e-08,0.0,1.59151025692e-09,-2.78206480075e-09,-2.8634508098e-08,-8.11244049714e-09,-1.48888252838e-08,-3.91651067133e-09,1.59151025692e-09,2.78206480075e-09,3.95276538256e-06,0.0,8.15027618728e-08,-1.45134563923e-07,3.15607593393e-08,-1.06120419119e-08,-2.8634508098e-08,8.11244049714e-09,8.15027618728e-08,1.45134563923e-07,4.64932736577e-06,0.0,2.85266395395e-07,9.35656174761e-08,-1.48888252838e-08,3.91651067133e-09,3.15607593393e-08,1.06120419119e-08,2.85266395395e-07,-9.35656174761e-08,5.35285380465e-06,0.0
1625182285781440273,height,4,32,width,4,8,imag,2,2,0,4.16762127031e-08,0.0,-8.11332334649e-10,-8.60393478685e-10,-2.38096689031e-08,-9.94292292944e-09,-1.52586778768e-08,-1.17355201112e-08,-8.11332334649e-10,8.60393478685e-10,3.93945356336e-06,0.0,-2.44697595519e-09,-6.63533228362e-08,9.29332344413e-09,1.96800389318e-08,-2.38096689031e-08,9.94292292944e-09,-2.44697595519e-09,6.63533228362e-08,4.59053353552e-06,0.0,3.15146877483e-07,7.70991093191e-08,-1.52586778768e-08,1.17355201112e-08,9.29332344413e-09,-1.96800389318e-08,3.15146877483e-07,-7.70991093191e-08,5.31164823769e-06,0.0
1625182285908454502,height,4,32,width,4,8,imag,2,2,0,4.20412789026e-08,0.0,-1.5650748475e-09,-4.59496973804e-09,-2.26279315285e-08,-7.6283672712e-09,-1.57166866188e-08,-1.05794217831e-08,-1.5650748475e-09,4.59496973804e-09,3.91435605707e-06,0.0,9.97755784243e-12,-8.09141695868e-08,3.70460746524e-08,-3.21174553619e-08,-2.26279315285e-08,7.6283672712e-09,9.97755784243e-12,8.09141695868e-08,4.65197990707e-06,0.0,3.1491538266e-07,5.22693106575e-08,-1.57166866188e-08,1.05794217831e-08,3.70460746524e-08,3.21174553619e-08,3.1491538266e-07,-5.22693106575e-08,5.28520513399e-06,0.0
1625182286037796867,height,4,32,width,4,8,imag,2,2,0,4.17269951924e-08,0.0,3.7681344156e-10,-4.43675629569e-09,-2.94383610822e-08,-7.53005835463e-09,-1.39363427465e-08,-1.00215649113e-08,3.7681344156e-10,4.43675629569e-09,3.98436304749e-06,0.0,5.11950570825e-09,-1.06527011212e-07,3.85695457794e-08,-4.0263596901e-08,-2.94383610822e-08,7.53005835463e-09,5.11950570825e-09,1.06527011212e-07,4.62458592665e-06,0.0,2.80647697082e-07,1.43679628195e-07,-1.39363427465e-08,1.00215649113e-08,3.85695457794e-08,4.0263596901e-08,2.80647697082e-07,-1.43679628195e-07,5.31328169018e-06,0.0
1625182286164768540,height,4,32,width,4,8,imag,2,2,0,4.14285636907e-08,0.0,1.24458672535e-11,-1.87938242746e-09,-3.08354977108e-08,-5.51674084193e-09,-1.27157688823e-08,-6.75514355564e-09,1.24458672535e-11,1.87938242746e-09,3.97982103095e-06,0.0,1.62537858728e-08,-7.0068658431e-08,-2.16970530431e-08,-2.07452721668e-08,-3.08354977108e-08,5.51674084193e-09,1.62537858728e-08,7.0068658431e-08,4.61134004581e-06,0.0,3.58604239636e-07,1.32192312208e-07,-1.27157688823e-08,6.75514355564e-09,-2.16970530431e-08,2.07452721668e-08,3.58604239636e-07,-1.32192312208e-07,5.35996923645e-06,0.0
1625182286289301250,height,4,32,width,4,8,imag,2,2,0,9.28081717575e-05,0.0,0.00291682570241,0.00501149985939,-0.0006522819167,0.00595707586035,-0.00663705682382,0.00116708385758,0.00291682570241,-0.00501149985939,0.371575176716,0.0,0.303570181131,0.225131601095,-0.150391891599,0.395444571972,-0.0006522819167,-0.00595707586035,0.303570181131,-0.225131601095,0.397677868605,0.0,0.122482717037,0.417698353529,-0.00663705682382,-0.00116708385758,-0.150391891599,-0.395444571972,0.122482717037,-0.417698353529,0.494159132242,0.0
1625182286417983991,height,4,32,width,4,8,imag,2,2,0,9.59112439887e-05,0.0,0.0029318605084,0.00516539579257,-0.000737062946428,0.00608672434464,-0.00679049221799,0.00126334733795,0.0029318605084,-0.00516539579257,0.377832740545,0.0,0.308767616749,0.229176029563,-0.144756391644,0.404923141003,-0.000737062946428,-0.00608672434464,0.308767616749,-0.229176029563,0.403259068727,0.0,0.132643267512,0.421990692616,-0.00679049221799,-0.00126334733795,-0.144756391644,-0.404923141003,0.132643267512,-0.421990692616,0.502248644829,0.0
1625182286546377513,height,4,32,width,4,8,imag,2,2,0,9.67243540799e-05,0.0,0.00307280290872,0.00513960933313,-0.000597117235884,0.00616401294246,-0.00683663133532,0.00133111409377,0.00307280290872,-0.00513960933313,0.380259752274,0.0,0.311122626066,0.230288818479,-0.151704475284,0.406231015921,-0.000597117235884,-0.00616401294246,0.311122626066,-0.230288818479,0.40744805336,0.0,0.127838730812,0.427859693766,-0.00683663133532,-0.00133111409377,-0.151704475284,-0.406231015921,0.127838730812,-0.427859693766,0.506571352482,0.0
1625182286673377166,height,4,32,width,4,8,imag,2,2,0,9.57153752097e-05,0.0,0.00310545787215,0.00508855935186,-0.000530830933712,0.00612999731675,-0.00680098449811,0.00134084478486,0.00310545787215,-0.00508855935186,0.380898207426,0.0,0.311381965876,0.229932248592,-0.154386088252,0.405571311712,-0.000530830933712,-0.00612999731675,0.311381965876,-0.229932248592,0.406624257565,0.0,0.124456606805,0.428249359131,-0.00680098449811,-0.00134084478486,-0.154386088252,-0.405571311712,0.124456606805,-0.428249359131,0.506893515587,0.0
1625182286802458960,height,4,32,width,4,8,imag,2,2,0,9.49965688051e-05,0.0,0.00308155571111,0.00502657098696,-0.000534806633368,0.00605619559065,-0.00673113251105,0.00132607726846,0.00308155571111,-0.00502657098696,0.375862300396,0.0,0.306022495031,0.227798476815,-0.153808608651,0.399775892496,-0.000534806633368,-0.00605619559065,0.306022495031,-0.227798476815,0.400447994471,0.0,0.122831530869,0.422205746174,-0.00673113251105,-0.00132607726846,-0.153808608651,-0.399775892496,0.122831530869,-0.422205746174,0.500819087029,0.0
1625182286929959017,height,4,32,width,4,8,imag,2,2,0,9.76049268502e-05,0.0,0.00306877191179,0.00514366710559,-0.000614518881775,0.00615726504475,-0.006843786221,0.0013452161802,0.00306877191179,-0.00514366710559,0.37753880024,0.0,0.308566510677,0.229332566261,-0.148887455463,0.403282314539,-0.000614518881775,-0.00615726504475,0.308566510677,-0.229332566261,0.403671622276,0.0,0.128653392196,0.423315137625,-0.006843786221,-0.0013452161802,-0.148887455463,-0.403282314539,0.128653392196,-0.423315137625,0.502917349339,0.0
1625182287058942449,height,4,32,width,4,8,imag,2,2,0,9.70357214101e-05,0.0,0.00310738221742,0.0051147933118,-0.00056605815189,0.00615948066115,-0.0068426351063,0.00129511347041,0.00310738221742,-0.0051147933118,0.378553718328,0.0,0.309020847082,0.22980171442,-0.155543074012,0.402628272772,-0.00056605815189,-0.00615948066115,0.309020847082,-0.22980171442,0.405088990927,0.0,0.123238384724,0.426593691111,-0.0068426351063,-0.00129511347041,-0.155543074012,-0.402628272772,0.123238384724,-0.426593691111,0.504560351372,0.0
1625182287181178175,height,4,32,width,4,8,imag,2,2,0,9.60207617027e-05,0.0,0.00303269340657,0.0051232627593,-0.000645075866487,0.00610381178558,-0.00680328393355,0.00129837519489,0.00303269340657,-0.0051232627593,0.379142403603,0.0,0.308252900839,0.230299577117,-0.150950655341,0.404913842678,-0.000645075866487,-0.00610381178558,0.308252900839,-0.230299577117,0.403806686401,0.0,0.129125192761,0.424459844828,-0.00680328393355,-0.00129837519489,-0.150950655341,-0.404913842678,0.129125192761,-0.424459844828,0.504768550396,0.0
1625182287310725068,height,4,32,width,4,8,imag,2,2,0,9.69533793977e-05,0.0,0.00306486687623,0.00514983292669,-0.00062435423024,0.00615047570318,-0.0068390853703,0.00130101153627,0.00306486687623,-0.00514983292669,0.379859507084,0.0,0.309361040592,0.230309352279,-0.151979878545,0.404696643353,-0.00062435423024,-0.00615047570318,0.309361040592,-0.230309352279,0.404978781939,0.0,0.127447605133,0.42531260848,-0.0068390853703,-0.00130101153627,-0.151979878545,-0.404696643353,0.127447605133,-0.42531260848,0.504788994789,0.0
1625182287438845712,height,4,32,width,4,8,imag,2,2,0,7.35494541004e-05,0.0,0.0024038834963,0.00390885164961,-0.000416240829509,0.00471812998876,-0.00524195330217,0.00103050807957,0.0024038834963,-0.00390885164961,0.293829977512,0.0,0.239322319627,0.178634032607,-0.119999714196,0.312700718641,-0.000416240829509,-0.00471812998876,0.239322319627,-0.178634032607,0.313596725464,0.0,0.0966969802976,0.330261945724,-0.00524195330217,-0.00103050807957,-0.119999714196,-0.312700718641,0.0966969802976,-0.330261945724,0.391535431147,0.0
1625182287567876448,height,4,32,width,4,8,imag,2,2,0,4.18944132718e-08,0.0,3.62277230437e-09,7.78624276165e-10,-3.02793985441e-08,-7.10327396902e-09,-1.05383142213e-08,-6.83689682646e-09,3.62277230437e-09,-7.78624276165e-10,3.99036025556e-06,0.0,1.49081547107e-08,-6.60548522546e-08,3.75068296421e-08,-1.56597650403e-08,-3.02793985441e-08,7.10327396902e-09,1.49081547107e-08,6.60548522546e-08,4.63705737275e-06,0.0,3.20502039131e-07,1.63187877433e-07,-1.05383142213e-08,6.83689682646e-09,3.75068296421e-08,1.56597650403e-08,3.20502039131e-07,-1.63187877433e-07,5.34036280442e-06,0.0
1625182287695193780,height,4,32,width,4,8,imag,2,2,0,4.17611687453e-08,0.0,3.30934302184e-09,-2.69283662035e-09,-2.96649158571e-08,-9.19543730049e-09,-1.16504672576e-08,-6.71886768444e-09,3.30934302184e-09,2.69283662035e-09,3.92550919059e-06,0.0,-2.13015987072e-08,-1.02731313234e-07,1.57393031941e-08,3.2993121124e-08,-2.96649158571e-08,9.19543730049e-09,-2.13015987072e-08,1.02731313234e-07,4.64396271127e-06,0.0,3.1813010537e-07,1.4642489532e-07,-1.16504672576e-08,6.71886768444e-09,1.57393031941e-08,-3.2993121124e-08,3.1813010537e-07,-1.4642489532e-07,5.32482727067e-06,0.0
1625182287824052823,height,4,32,width,4,8,imag,2,2,0,4.1757822089e-08,0.0,-3.88083254421e-09,-2.49690357279e-09,-2.84080492463e-08,-7.60748708473e-09,-9.43140054943e-09,-8.91997675723e-09,-3.88083254421e-09,2.49690357279e-09,3.96619498133e-06,0.0,8.88909923447e-09,-1.20697663419e-07,-1.78788965854e-08,-6.94940771595e-09,-2.84080492463e-08,7.60748708473e-09,8.88909923447e-09,1.20697663419e-07,4.59097782368e-06,0.0,2.92996332973e-07,1.07992256915e-07,-9.43140054943e-09,8.91997675723e-09,-1.78788965854e-08,6.94940771595e-09,2.92996332973e-07,-1.07992256915e-07,5.29572162122e-06,0.0
1625182287951649224,height,4,32,width,4,8,imag,2,2,0,4.18637924327e-08,0.0,6.82208942115e-11,-2.43704989522e-09,-3.09950927146e-08,-5.97596372387e-09,-1.67941855977e-08,-1.12453797385e-08,6.82208942115e-11,2.43704989522e-09,3.92886158807e-06,0.0,4.54583215515e-08,-9.6926363824e-08,2.16754720839e-08,-1.46047129945e-08,-3.09950927146e-08,5.97596372387e-09,4.54583215515e-08,9.6926363824e-08,4.61692616227e-06,0.0,2.98934224929e-07,1.53115820467e-07,-1.67941855977e-08,1.12453797385e-08,2.16754720839e-08,1.46047129945e-08,2.98934224929e-07,-1.53115820467e-07,5.34276523467e-06,0.0
1625182288086668440,height,4,32,width,4,8,imag,2,2,0,4.22278709777e-08,0.0,2.7921400747e-09,-7.88069665081e-10,-2.28756089626e-08,-1.32774911066e-08,-1.27019106344e-08,-7.14639947219e-09,2.7921400747e-09,7.88069665081e-10,3.93343680116e-06,0.0,8.42755820685e-09,-9.2856183187e-08,4.13783851627e-08,-1.36631495007e-09,-2.28756089626e-08,1.32774911066e-08,8.42755820685e-09,9.2856183187e-08,4.61821719e-06,0.0,3.00908084228e-07,1.06007838951e-07,-1.27019106344e-08,7.14639947219e-09,4.13783851627e-08,1.36631495007e-09,3.00908084228e-07,-1.06007838951e-07,5.35546041647e-06,0.0
1625182288209861002,height,4,32,width,4,8,imag,2,2,0,4.20889954e-08,0.0,3.26755333901e-09,-1.3237101415e-09,-3.11474543935e-08,-9.96474103232e-09,-1.14702620735e-08,-1.06817097389e-08,3.26755333901e-09,1.3237101415e-09,3.97166331823e-06,0.0,5.44416245418e-08,-1.01606424607e-07,-3.23528261958e-08,-5.8216897969e-09,-3.11474543935e-08,9.96474103232e-09,5.44416245418e-08,1.01606424607e-07,4.65784569315e-06,0.0,2.53628257951e-07,1.44142163094e-07,-1.14702620735e-08,1.06817097389e-08,-3.23528261958e-08,5.8216897969e-09,2.53628257951e-07,-1.44142163094e-07,5.28755299456e-06,0.0
1625182288336148194,height,4,32,width,4,8,imag,2,2,0,4.19753263259e-08,0.0,-4.10125267081e-10,-1.38830424934e-09,-2.97913942404e-08,-8.45501979541e-09,-1.30371233809e-08,-9.20972897944e-09,-4.10125267081e-10,1.38830424934e-09,3.9409492274e-06,0.0,3.7015059462e-08,-1.23186993051e-07,4.38515073142e-08,-2.38804442887e-08,-2.97913942404e-08,8.45501979541e-09,3.7015059462e-08,1.23186993051e-07,4.57029636891e-06,0.0,2.98874851978e-07,1.12182476641e-07,-1.30371233809e-08,9.20972897944e-09,4.38515073142e-08,2.38804442887e-08,2.98874851978e-07,-1.12182476641e-07,5.42570296602e-06,0.0
1625182288463647777,height,4,32,width,4,8,imag,2,2,0,4.19367864879e-08,0.0,-1.94562166378e-09,1.88279636326e-09,-2.61147228287e-08,-6.24839113783e-09,-1.73592340502e-08,-7.0894667914e-09,-1.94562166378e-09,-1.88279636326e-09,3.94666403736e-06,0.0,5.60780222258e-08,-7.99608201874e-08,1.29282300421e-08,1.07851230169e-08,-2.61147228287e-08,6.24839113783e-09,5.60780222258e-08,7.99608201874e-08,4.62635125587e-06,0.0,3.30907454327e-07,1.62936956372e-07,-1.73592340502e-08,7.0894667914e-09,1.29282300421e-08,-1.07851230169e-08,3.30907454327e-07,-1.62936956372e-07,5.33946604264e-06,0.0
1625182288595028606,height,4,32,width,4,8,imag,2,2,0,4.19430179477e-08,0.0,6.2019972491e-10,-5.77364822618e-09,-3.02212974645e-08,-7.42669170606e-09,-1.54852877188e-08,-1.05199902123e-08,6.2019972491e-10,5.77364822618e-09,3.96440600525e-06,0.0,2.03429344481e-08,-1.364167872e-07,5.1583146643e-09,-2.56568934986e-08,-3.02212974645e-08,7.42669170606e-09,2.03429344481e-08,1.364167872e-07,4.66510982733e-06,0.0,2.95423006946e-07,1.19000041821e-07,-1.54852877188e-08,1.05199902123e-08,5.1583146643e-09,2.56568934986e-08,2.95423006946e-07,-1.19000041821e-07,5.31119030711e-06,0.0
1625182288720357697,height,4,32,width,4,8,imag,2,2,0,4.13570226954e-08,0.0,-7.68749175428e-10,-8.58057680464e-10,-3.15102681725e-08,-8.06493716254e-09,-1.13966320825e-08,-9.37178512572e-09,-7.68749175428e-10,8.58057680464e-10,3.95110055251e-06,0.0,-3.25297122572e-08,-1.29314273067e-07,1.55476200803e-08,-3.64606798087e-08,-3.15102681725e-08,8.06493716254e-09,-3.25297122572e-08,1.29314273067e-07,4.66195615445e-06,0.0,3.12341484232e-07,1.55740480068e-07,-1.13966320825e-08,9.37178512572e-09,1.55476200803e-08,3.64606798087e-08,3.12341484232e-07,-1.55740480068e-07,5.27329257238e-06,0.0
1625182288855006629,height,4,32,width,4,8,imag,2,2,0,4.19474908142e-08,0.0,2.95156815655e-10,-6.17373752121e-09,-2.81417520398e-08,-4.74025885211e-09,-1.69732263799e-08,-1.07450786047e-08,2.95156815655e-10,6.17373752121e-09,4.02651630793e-06,0.0,7.04652904915e-08,-1.38947314099e-07,3.61426835127e-08,-2.88084045508e-08,-2.81417520398e-08,4.74025885211e-09,7.04652904915e-08,1.38947314099e-07,4.64087270302e-06,0.0,3.50823938788e-07,9.74575300461e-08,-1.69732263799e-08,1.07450786047e-08,3.61426835127e-08,2.88084045508e-08,3.50823938788e-07,-9.74575300461e-08,5.2870818763e-06,0.0
1625182288976583981,height,4,32,width,4,8,imag,2,2,0,4.20732391149e-08,0.0,-9.80373782156e-10,-5.25772314575e-09,-2.76663048027e-08,-8.29977153671e-09,-1.26479209328e-08,-1.11029478944e-08,-9.80373782156e-10,5.25772314575e-09,3.98221754949e-06,0.0,4.21858636912e-08,-7.62147109867e-08,-2.14455592173e-10,-2.84638339565e-08,-2.76663048027e-08,8.29977153671e-09,4.21858636912e-08,7.62147109867e-08,4.62567186332e-06,0.0,3.14840974625e-07,1.18792030435e-07,-1.26479209328e-08,1.11029478944e-08,-2.14455592173e-10,2.84638339565e-08,3.14840974625e-07,-1.18792030435e-07,5.32775084139e-06,0.0
1625182289105532423,height,4,32,width,4,8,imag,2,2,0,4.20483523556e-08,0.0,-3.37092215252e-10,1.25812457674e-10,-3.1325715355e-08,-7.49563167091e-09,-1.47824747998e-08,-2.23188867388e-09,-3.37092215252e-10,-1.25812457674e-10,3.97088024329e-06,0.0,7.97161376909e-08,-8.80891235511e-08,3.65148196124e-08,-3.85344645082e-09,-3.1325715355e-08,7.49563167091e-09,7.97161376909e-08,8.80891235511e-08,4.61491936221e-06,0.0,3.45693621284e-07,6.01713310289e-08,-1.47824747998e-08,2.23188867388e-09,3.65148196124e-08,3.85344645082e-09,3.45693621284e-07,-6.01713310289e-08,5.31228488398e-06,0.0
1625182289238734096,height,4,32,width,4,8,imag,2,2,0,4.19105852245e-08,0.0,1.86435267224e-09,-8.66395455379e-10,-2.77659655268e-08,-9.25960641496e-09,-1.10161035849e-08,-1.21075913739e-08,1.86435267224e-09,8.66395455379e-10,3.95626602767e-06,0.0,5.67282576469e-08,-1.16909859571e-07,-8.27836554862e-09,-2.10055439709e-09,-2.77659655268e-08,9.25960641496e-09,5.67282576469e-08,1.16909859571e-07,4.65946368422e-06,0.0,3.26845935206e-07,1.27160902252e-07,-1.10161035849e-08,1.21075913739e-08,-8.27836554862e-09,2.10055439709e-09,3.26845935206e-07,-1.27160902252e-07,5.40406972505e-06,0.0
1625182289362049940,height,4,32,width,4,8,imag,2,2,0,4.16232843747e-08,0.0,-1.1626341001e-09,-2.63078803187e-09,-2.91123960494e-08,-2.67889732619e-09,-1.23971304333e-08,-1.11084306198e-08,-1.1626341001e-09,2.63078803187e-09,3.94467815568e-06,0.0,6.78629916706e-08,-1.0156789898e-07,-1.75338783492e-08,-3.60679237588e-08,-2.91123960494e-08,2.67889732619e-09,6.78629916706e-08,1.0156789898e-07,4.63691048935e-06,0.0,3.16040228654e-07,1.13940551216e-07,-1.23971304333e-08,1.11084306198e-08,-1.75338783492e-08,3.60679237588e-08,3.16040228654e-07,-1.13940551216e-07,5.36179913979e-06,0.0
1625182289488142165,height,4,32,width,4,8,imag,2,2,0,4.12025755736e-08,0.0,1.10409636989e-09,-4.23754986656e-09,-2.71759716952e-08,-1.09785753821e-08,-1.35592372885e-08,-7.16064096906e-09,1.10409636989e-09,4.23754986656e-09,3.93120217268e-06,0.0,3.640213464e-08,-1.02763735299e-07,5.24235836963e-08,-4.29408437697e-08,-2.71759716952e-08,1.09785753821e-08,3.640213464e-08,1.02763735299e-07,4.64374443254e-06,0.0,2.87977570679e-07,9.08849031589e-08,-1.35592372885e-08,7.16064096906e-09,5.24235836963e-08,4.29408437697e-08,2.87977570679e-07,-9.08849031589e-08,5.36953211849e-06,0.0
1625182289618117122,height,4,32,width,4,8,imag,2,2,0,4.16052863272e-08,0.0,-2.04845962415e-09,-6.14649398045e-09,-2.57122145797e-08,-8.02473909545e-09,-1.1937238753e-08,-8.8961851219e-09,-2.04845962415e-09,6.14649398045e-09,3.96853374696e-06,0.0,7.17770092251e-08,-1.1854745452e-07,1.95979694695e-08,-4.37619291915e-08,-2.57122145797e-08,8.02473909545e-09,7.17770092251e-08,1.1854745452e-07,4.62714115201e-06,0.0,3.38515519616e-07,1.17752065876e-07,-1.1937238753e-08,8.8961851219e-09,1.95979694695e-08,4.37619291915e-08,3.38515519616e-07,-1.17752065876e-07,5.3103767641e-06,0.0
1625182289744238769,height,4,32,width,4,8,imag,2,2,0,4.16418544091e-08,0.0,9.45194478241e-11,-1.28877486461e-09,-2.6151248278e-08,-8.53064729966e-09,-8.71661587354e-09,-8.59891891025e-09,9.45194478241e-11,1.28877486461e-09,3.92221727452e-06,0.0,4.91817608861e-08,-8.35052489379e-08,4.35620464145e-08,-3.32116520951e-08,-2.6151248278e-08,8.53064729966e-09,4.91817608861e-08,8.35052489379e-08,4.56891075373e-06,0.0,3.41033256746e-07,1.02570545835e-07,-8.71661587354e-09,8.59891891025e-09,4.35620464145e-08,3.32116520951e-08,3.41033256746e-07,-1.02570545835e-07,5.34244782102e-06,0.0
1625182289872885109,height,4,32,width,4,8,imag,2,2,0,4.15431706813e-08,0.0,2.33199326516e-09,-4.10018730079e-09,-2.76204712435e-08,-8.79057449055e-09,-1.26366304087e-08,-1.19016130284e-08,2.33199326516e-09,4.10018730079e-09,4.00111957788e-06,0.0,6.68977904184e-08,-1.36198110567e-07,-2.14916351382e-08,1.1054011928e-08,-2.76204712435e-08,8.79057449055e-09,6.68977904184e-08,1.36198110567e-07,4.63335800305e-06,0.0,3.50985430941e-07,9.01647254636e-08,-1.26366304087e-08,1.19016130284e-08,-2.14916351382e-08,-1.1054011928e-08,3.50985430941e-07,-9.01647254636e-08,5.29423232365e-06,0.0
1625182290000375729,height,4,32,width,4,8,imag,2,2,0,4.19117895945e-08,0.0,2.31572117038e-09,-7.24258741869e-09,-2.74360942853e-08,-5.5685709377e-09,-1.46954066693e-08,-8.08905209482e-09,2.31572117038e-09,7.24258741869e-09,3.99875079893e-06,0.0,4.62597959938e-08,-1.12646851846e-07,2.43856419502e-08,-7.77828290666e-08,-2.74360942853e-08,5.5685709377e-09,4.62597959938e-08,1.12646851846e-07,4.63584774479e-06,0.0,3.0795391126e-07,9.10154085432e-08,-1.46954066693e-08,8.08905209482e-09,2.43856419502e-08,7.77828290666e-08,3.0795391126e-07,-9.10154085432e-08,5.36440438736e-06,0.0
1625182290129947843,height,4,32,width,4,8,imag,2,2,0,4.17064747182e-08,0.0,-3.95385280072e-09,-3.27774163367e-09,-2.67901150153e-08,-7.56557927417e-09,-1.41722207303e-08,-4.83308948418e-09,-3.95385280072e-09,3.27774163367e-09,4.01802844863e-06,0.0,5.29300336893e-08,-1.22176956552e-07,4.69966074945e-08,-1.21190257829e-08,-2.67901150153e-08,7.56557927417e-09,5.29300336893e-08,1.22176956552e-07,4.61924310002e-06,0.0,3.13636434157e-07,9.77644205591e-08,-1.41722207303e-08,4.83308948418e-09,4.69966074945e-08,1.21190257829e-08,3.13636434157e-07,-9.77644205591e-08,5.31161322215e-06,0.0
1625182290256739112,height,4,32,width,4,8,imag,2,2,0,4.17356815774e-08,0.0,1.23926668927e-09,-3.58895979602e-09,-2.99709270735e-08,-7.08625735868e-09,-1.47010128515e-08,-6.88980872354e-09,1.23926668927e-09,3.58895979602e-09,3.92242009184e-06,0.0,1.69939244898e-08,-1.48297004898e-07,2.57348879984e-08,-4.67251801695e-08,-2.99709270735e-08,7.08625735868e-09,1.69939244898e-08,1.48297004898e-07,4.59010107079e-06,0.0,3.30457993414e-07,1.11020014515e-07,-1.47010128515e-08,6.88980872354e-09,2.57348879984e-08,4.67251801695e-08,3.30457993414e-07,-1.11020014515e-07,5.34496530236e-06,0.0
1625182290385249440,height,4,32,width,4,8,imag,2,2,0,4.20025862979e-08,0.0,4.62519716971e-10,-2.70417221948e-09,-2.90281683135e-08,-7.54336415554e-09,-1.41411327093e-08,-8.51344417185e-09,4.62519716971e-10,2.70417221948e-09,4.01400666306e-06,0.0,4.24817656608e-08,-1.26969183611e-07,1.9459159617e-08,3.1859748173e-09,-2.90281683135e-08,7.54336415554e-09,4.24817656608e-08,1.26969183611e-07,4.62144134872e-06,0.0,3.72468292653e-07,1.59669497179e-07,-1.41411327093e-08,8.51344417185e-09,1.9459159617e-08,-3.1859748173e-09,3.72468292653e-07,-1.59669497179e-07,5.27854263055e-06,0.0
1625182290515600599,height,4,32,width,4,8,imag,2,2,0,4.12788985216e-08,0.0,9.38083277724e-10,-4.59594717839e-09,-2.83135168644e-08,-6.24183416065e-09,-1.03423660747e-08,-7.28358129365e-09,9.38083277724e-10,4.59594717839e-09,3.9373094296e-06,0.0,6.04497287782e-08,-8.80577673001e-08,9.42355811162e-08,-6.16482935811e-08,-2.83135168644e-08,6.24183416065e-09,6.04497287782e-08,8.80577673001e-08,4.64891627416e-06,0.0,2.86977098085e-07,8.64493827635e-08,-1.03423660747e-08,7.28358129365e-09,9.42355811162e-08,6.16482935811e-08,2.86977098085e-07,-8.64493827635e-08,5.37514870302e-06,0.0
1625182290645839984,height,4,32,width,4,8,imag,2,2,0,4.22580548332e-08,0.0,5.24967624926e-10,-3.70395691895e-09,-3.09721812641e-08,-8.66817284617e-09,-1.17683098821e-08,-7.34364968835e-09,5.24967624926e-10,3.70395691895e-09,3.91829325963e-06,0.0,2.84386434402e-08,-1.12878545622e-07,5.1879279539e-08,5.16963112318e-08,-3.09721812641e-08,8.66817284617e-09,2.84386434402e-08,1.12878545622e-07,4.64634467789e-06,0.0,3.04296662534e-07,5.83454813352e-08,-1.17683098821e-08,7.34364968835e-09,5.1879279539e-08,-5.16963112318e-08,3.04296662534e-07,-5.83454813352e-08,5.39738630323e-06,0.0
1625182290768492731,height,4,32,width,4,8,imag,2,2,0,7.26547150407e-05,0.0,0.00251956772991,0.0037227505818,-0.000199489659281,0.00464053126052,-0.00508104404435,0.00124636362307,0.00251956772991,-0.0037227505818,0.285328447819,0.0,0.232811927795,0.173296943307,-0.116016536951,0.303906232119,-0.000199489659281,-0.00464053126052,0.232811927795,-0.173296943307,0.305267363787,0.0,0.0943185612559,0.32107308507,-0.00508104404435,-0.00124636362307,-0.116016536951,-0.303906232119,0.0943185612559,-0.32107308507,0.380416214466,0.0
1625182290897965546,height,4,32,width,4,8,imag,2,2,0,9.72455236479e-05,0.0,0.00327567500062,0.00501898769289,-0.00038750024396,0.0061673312448,-0.00677110301331,0.00166700547561,0.00327567500062,-0.00501898769289,0.378832876682,0.0,0.30809366703,0.230727598071,-0.146706148982,0.406024575233,-0.00038750024396,-0.0061673312448,0.30809366703,-0.230727598071,0.403487831354,0.0,0.133560806513,0.422894656658,-0.00677110301331,-0.00166700547561,-0.146706148982,-0.406024575233,0.133560806513,-0.422894656658,0.504636585712,0.0
1625182291024155801,height,4,32,width,4,8,imag,2,2,0,9.56892690738e-05,0.0,0.00337370368652,0.00491103343666,-0.000224172530579,0.00614849338308,-0.00673004705459,0.00165302841924,0.00337370368652,-0.00491103343666,0.380514085293,0.0,0.310433268547,0.231168672442,-0.157120540738,0.404153227806,-0.000224172530579,-0.00614849338308,0.310433268547,-0.231168672442,0.406457453966,0.0,0.122859433293,0.428510218859,-0.00673004705459,-0.00165302841924,-0.157120540738,-0.404153227806,0.122859433293,-0.428510218859,0.506561100483,0.0
1625182291154177748,height,4,32,width,4,8,imag,2,2,0,9.5936928119e-05,0.0,0.00327523052692,0.00496603408828,-0.000360143283615,0.00612907251343,-0.00672786822543,0.00163486250676,0.00327523052692,-0.00496603408828,0.378398120403,0.0,0.307293504477,0.230621010065,-0.149954885244,0.404588073492,-0.000360143283615,-0.00612907251343,0.307293504477,-0.230621010065,0.40391728282,0.0,0.130959540606,0.423623323441,-0.00672786822543,-0.00163486250676,-0.149954885244,-0.404588073492,0.130959540606,-0.423623323441,0.504586935043,0.0
1625182291281318228,height,4,32,width,4,8,imag,2,2,0,9.53918060986e-05,0.0,0.00329963583499,0.00492251152173,-0.000300651270663,0.0061128474772,-0.00669186515734,0.00167611811776,0.00329963583499,-0.00492251152173,0.377858608961,0.0,0.30786344409,0.229964524508,-0.149928241968,0.404009371996,-0.000300651270663,-0.0061128474772,0.30786344409,-0.229964524508,0.403759151697,0.0,0.129519164562,0.423917651176,-0.00669186515734,-0.00167611811776,-0.149928241968,-0.404009371996,0.129519164562,-0.423917651176,0.50367975235,0.0
1625182291409348319,height,4,32,width,4,8,imag,2,2,0,9.52843111008e-05,0.0,0.00335666746832,0.00489939795807,-0.000224781077122,0.00613533752039,-0.00670252880082,0.00169701094273,0.00335666746832,-0.00489939795807,0.379989206791,0.0,0.310430824757,0.230696007609,-0.154027804732,0.405058652163,-0.000224781077122,-0.00613533752039,0.310430824757,-0.230696007609,0.406975239515,0.0,0.12603084743,0.428021192551,-0.00670252880082,-0.00169701094273,-0.154027804732,-0.405058652163,0.12603084743,-0.428021192551,0.506796777248,0.0
1625182291539753110,height,4,32,width,4,8,imag,2,2,0,9.44775674725e-05,0.0,0.00330981938168,0.00485528400168,-0.00025049931719,0.00606851279736,-0.00662854500115,0.00169022311457,0.00330981938168,-0.00485528400168,0.375048965216,0.0,0.305962175131,0.228488534689,-0.150063216686,0.400082439184,-0.00025049931719,-0.00606851279736,0.305962175131,-0.228488534689,0.401469290257,0.0,0.126863867044,0.421217501163,-0.00662854500115,-0.00169022311457,-0.150063216686,-0.400082439184,0.126863867044,-0.421217501163,0.499968767166,0.0
1625182291665193218,height,4,32,width,4,8,imag,2,2,0,9.51593683567e-05,0.0,0.00327445054427,0.00493235746399,-0.000337830657372,0.0061072926037,-0.00668760063127,0.00167251878884,0.00327445054427,-0.00493235746399,0.377820819616,0.0,0.307662814856,0.230585500598,-0.147690489888,0.404630750418,-0.000337830657372,-0.0061072926037,0.307662814856,-0.230585500598,0.404006779194,0.0,0.132349580526,0.423048555851,-0.00668760063127,-0.00167251878884,-0.147690489888,-0.404630750418,0.132349580526,-0.423048555851,0.503792762756,0.0
1625182291791672805,height,4,32,width,4,8,imag,2,2,0,9.63080165093e-05,0.0,0.00332625187002,0.00496815657243,-0.000283709960058,0.00616297731176,-0.0067530516535,0.00166437146254,0.00332625187002,-0.00496815657243,0.380789160728,0.0,0.310791522264,0.230383336544,-0.151833191514,0.40626385808,-0.000283709960058,-0.00616297731176,0.310791522264,-0.230383336544,0.406260073185,0.0,0.12775914371,0.426978349686,-0.0067530516535,-0.00166437146254,-0.151833191514,-0.40626385808,0.12775914371,-0.426978349686,0.506897270679,0.0
1625182291922149417,height,4,32,width,4,8,imag,2,2,0,9.45499850786e-05,0.0,0.00330412690528,0.00489343656227,-0.000267894036369,0.00608898606151,-0.00666311057284,0.00163187878206,0.00330412690528,-0.00489343656227,0.378174096346,0.0,0.308225542307,0.229430034757,-0.153447598219,0.402271747589,-0.000267894036369,-0.00608898606151,0.308225542307,-0.229430034757,0.403697192669,0.0,0.124743506312,0.424507975578,-0.00666311057284,-0.00163187878206,-0.153447598219,-0.402271747589,0.124743506312,-0.424507975578,0.502706468105,0.0
1625182292051601833,height,4,32,width,4,8,imag,2,2,0,5.41031113244e-07,0.0,1.53146756929e-05,2.80017684418e-05,-4.47800948677e-06,3.26551344187e-05,-3.57126809831e-05,8.74174747878e-06,1.53146756929e-05,-2.80017684418e-05,0.00206311186776,0.0,0.00169597624335,0.00125363864936,-0.000617335259449,0.00227649882436,-4.47800948677e-06,-3.26551344187e-05,0.00169597624335,-0.00125363864936,0.0022127868142,0.0,0.000901899125893,0.00226659420878,-3.57126809831e-05,-8.74174747878e-06,-0.000617335259449,-0.00227649882436,0.000901899125893,-0.00226659420878,0.0027299488429,0.0
1625182292177186890,height,4,32,width,4,8,imag,2,2,0,4.13990619563e-08,0.0,7.41648076286e-10,2.36232122752e-09,-2.6451338897e-08,-7.22886017712e-09,-1.23668399965e-08,-6.069396985e-09,7.41648076286e-10,-2.36232122752e-09,3.98577503802e-06,0.0,4.58804727543e-08,-6.83799612489e-08,1.41347209492e-08,4.18712442496e-09,-2.6451338897e-08,7.22886017712e-09,4.58804727543e-08,6.83799612489e-08,4.61400804852e-06,0.0,3.21828508731e-07,8.22862418204e-08,-1.23668399965e-08,6.069396985e-09,1.41347209492e-08,-4.18712442496e-09,3.21828508731e-07,-8.22862418204e-08,5.37166306458e-06,0.0
1625182292304874466,height,4,32,width,4,8,imag,2,2,0,4.16929601954e-08,0.0,5.75081371412e-10,-1.75586267748e-09,-3.08060563725e-08,-6.52293818959e-09,-1.53616070975e-08,-9.87000436936e-09,5.75081371412e-10,1.75586267748e-09,3.96301447836e-06,0.0,3.66696859544e-08,-1.02952036229e-07,3.52660087799e-08,-4.28725535073e-08,-3.08060563725e-08,6.52293818959e-09,3.66696859544e-08,1.02952036229e-07,4.61845229438e-06,0.0,3.12288790383e-07,1.18154467543e-07,-1.53616070975e-08,9.87000436936e-09,3.52660087799e-08,4.28725535073e-08,3.12288790383e-07,-1.18154467543e-07,5.35029630555e-06,0.0
1625182292432997118,height,4,32,width,4,8,imag,2,2,0,4.17561700772e-08,0.0,-1.37349087659e-09,-3.1067763917e-09,-2.67938506937e-08,-9.20203824251e-09,-1.44674432434e-08,-1.04414494828e-08,-1.37349087659e-09,3.1067763917e-09,4.00220687879e-06,0.0,6.10166637216e-08,-1.08080470795e-07,-2.42291360308e-08,-7.31960314582e-09,-2.67938506937e-08,9.20203824251e-09,6.10166637216e-08,1.08080470795e-07,4.61848412669e-06,0.0,3.1098124964e-07,8.79364492334e-08,-1.44674432434e-08,1.04414494828e-08,-2.42291360308e-08,7.31960314582e-09,3.1098124964e-07,-8.79364492334e-08,5.33524462298e-06,0.0
1625182292560913810,height,4,32,width,4,8,imag,2,2,0,4.2370896125e-08,0.0,-1.35201883023e-09,2.9759208986e-10,-2.84050702959e-08,-8.19557310905e-09,-1.40260487669e-08,-1.09713198526e-08,-1.35201883023e-09,-2.9759208986e-10,3.94432345274e-06,0.0,5.82413832717e-08,-6.12724448956e-08,3.50340982891e-08,-6.91853827561e-08,-2.84050702959e-08,8.19557310905e-09,5.82413832717e-08,6.12724448956e-08,4.62604202767e-06,0.0,3.59717887477e-07,1.03642840088e-07,-1.40260487669e-08,1.09713198526e-08,3.50340982891e-08,6.91853827561e-08,3.59717887477e-07,-1.03642840088e-07,5.42276484339e-06,0.0
1625182292692860711,height,4,32,width,4,8,imag,2,2,0,4.22892725283e-08,0.0,-9.36180924449e-11,-2.76381917352e-09,-2.39296404914e-08,-1.27752812773e-08,-1.35848434724e-08,-1.05545110429e-08,-9.36180924449e-11,2.76381917352e-09,3.96856285079e-06,0.0,-2.9751856534e-09,-1.02480456121e-07,2.41780409027e-08,5.96243676654e-09,-2.39296404914e-08,1.27752812773e-08,-2.9751856534e-09,1.02480456121e-07,4.64370441478e-06,0.0,3.39657049153e-07,1.3200197202e-07,-1.35848434724e-08,1.05545110429e-08,2.41780409027e-08,-5.96243676654e-09,3.39657049153e-07,-1.3200197202e-07,5.34023865839e-06,0.0
1625182292819983030,height,4,32,width,4,8,imag,2,2,0,4.15886134419e-08,0.0,2.33620411905e-09,-3.53713569545e-09,-2.81610077479e-08,-8.11049449823e-09,-1.06850581716e-08,-1.36962921005e-08,2.33620411905e-09,3.53713569545e-09,3.96814721171e-06,0.0,7.33200096192e-08,-8.99163552504e-08,3.45134196778e-08,1.27079999857e-08,-2.81610077479e-08,8.11049449823e-09,7.33200096192e-08,8.99163552504e-08,4.58495469502e-06,0.0,2.82734987422e-07,1.02898468413e-07,-1.06850581716e-08,1.36962921005e-08,3.45134196778e-08,-1.27079999857e-08,2.82734987422e-07,-1.02898468413e-07,5.3390776884e-06,0.0
1625182292948478648,height,4,32,width,4,8,imag,2,2,0,4.16172518669e-08,0.0,2.29089547332e-09,-1.09192689612e-10,-3.03674774216e-08,-7.49453832327e-09,-1.19808198917e-08,-8.84683881708e-09,2.29089547332e-09,1.09192689612e-10,3.95773258788e-06,0.0,2.44913707093e-08,-8.7488110978e-08,5.19706553348e-08,-1.16635350267e-08,-3.03674774216e-08,7.49453832327e-09,2.44913707093e-08,8.7488110978e-08,4.60214869236e-06,0.0,3.40455756032e-07,1.10744352355e-07,-1.19808198917e-08,8.84683881708e-09,5.19706553348e-08,1.16635350267e-08,3.40455756032e-07,-1.10744352355e-07,5.31487694388e-06,0.0
1625182293071594804,height,4,32,width,4,8,imag,2,2,0,4.14068921373e-08,0.0,-6.06242889223e-10,-5.15948672675e-10,-2.58027590405e-08,-8.92438833944e-09,-1.28635386787e-08,-7.16388504074e-09,-6.06242889223e-10,5.15948672675e-10,3.94131075154e-06,0.0,2.55380729897e-08,-1.1690145385e-07,5.79447156923e-09,8.90512197316e-09,-2.58027590405e-08,8.92438833944e-09,2.55380729897e-08,1.1690145385e-07,4.59893635707e-06,0.0,3.20394320852e-07,1.39844800628e-07,-1.28635386787e-08,7.16388504074e-09,5.79447156923e-09,-8.90512197316e-09,3.20394320852e-07,-1.39844800628e-07,5.29794533577e-06,0.0
1625182293202085277,height,4,32,width,4,8,imag,2,2,0,4.18616075137e-08,0.0,-6.16846906887e-10,-3.48293927033e-09,-2.76276637123e-08,-6.83384193678e-09,-9.71132863015e-09,-7.28816607065e-09,-6.16846906887e-10,3.48293927033e-09,3.96917948819e-06,0.0,6.30073060393e-08,-1.44889071407e-07,2.09705550702e-08,-3.77439555166e-08,-2.76276637123e-08,6.83384193678e-09,6.30073060393e-08,1.44889071407e-07,4.60099545307e-06,0.0,3.062556857e-07,7.28611695422e-08,-9.71132863015e-09,7.28816607065e-09,2.09705550702e-08,3.77439555166e-08,3.062556857e-07,-7.28611695422e-08,5.26864414496e-06,0.0
1625182293328013553,height,4,32,width,4,8,imag,2,2,0,4.14658423153e-08,0.0,3.9716292477e-09,1.20547383187e-09,-3.26371747406e-08,-1.0069143741e-08,-1.6534542624e-08,-5.27001642325e-09,3.9716292477e-09,-1.20547383187e-09,3.96921950596e-06,0.0,8.31533686352e-09,-8.91324063446e-08,4.37728076008e-08,-5.93192019949e-08,-3.26371747406e-08,1.0069143741e-08,8.31533686352e-09,8.91324063446e-08,4.59176635559e-06,0.0,3.50184649278e-07,1.28880913053e-07,-1.6534542624e-08,5.27001642325e-09,4.37728076008e-08,5.93192019949e-08,3.50184649278e-07,-1.28880913053e-07,5.33195543539e-06,0.0
1625182293460094077,height,4,32,width,4,8,imag,2,2,0,4.174117052e-08,0.0,2.10395079137e-09,-4.6394577069e-09,-3.09599315074e-08,-9.81567804814e-09,-1.13369411636e-08,-4.87926810067e-09,2.10395079137e-09,4.6394577069e-09,3.98562133341e-06,0.0,3.33490426385e-08,-8.45619396728e-08,2.05666292885e-08,6.830363386e-09,-3.09599315074e-08,9.81567804814e-09,3.33490426385e-08,8.45619396728e-08,4.64570439362e-06,0.0,2.78376148799e-07,8.31906916687e-08,-1.13369411636e-08,4.87926810067e-09,2.05666292885e-08,-6.830363386e-09,2.78376148799e-07,-8.31906916687e-08,5.28838836544e-06,0.0
1625182293584197826,height,4,32,width,4,8,imag,2,2,0,4.1719506072e-08,0.0,2.46001463644e-09,-2.20042495336e-09,-2.88774195667e-08,-7.84078402205e-09,-1.58783954873e-08,-1.1073117534e-08,2.46001463644e-09,2.20042495336e-09,3.95869756176e-06,0.0,2.3760863499e-08,-6.34491286178e-08,4.63210021451e-08,1.0211102186e-08,-2.88774195667e-08,7.84078402205e-09,2.3760863499e-08,6.34491286178e-08,4.65552011519e-06,0.0,2.86928582227e-07,1.23260832652e-07,-1.58783954873e-08,1.1073117534e-08,4.63210021451e-08,-1.0211102186e-08,2.86928582227e-07,-1.23260832652e-07,5.31670093551e-06,0.0
1625182293715642224,height,4,32,width,4,8,imag,2,2,0,4.19590016065e-08,0.0,-2.26591856389e-09,-7.42459649317e-09,-2.99838553985e-08,-9.67263780183e-09,-1.50955319356e-08,-5.20148946137e-09,-2.26591856389e-09,7.42459649317e-09,3.9135343286e-06,0.0,5.27103729553e-08,-1.26179131144e-07,4.75219259499e-08,-6.06116969948e-08,-2.99838553985e-08,9.67263780183e-09,5.27103729553e-08,1.26179131144e-07,4.51663890999e-06,0.0,2.95860786537e-07,7.09604250915e-08,-1.50955319356e-08,5.20148946137e-09,4.75219259499e-08,6.06116969948e-08,2.95860786537e-07,-7.09604250915e-08,5.29010640093e-06,0.0
1625182293840596032,height,4,32,width,4,8,imag,2,2,0,4.17273078313e-08,0.0,2.5648019264e-09,-3.88417475961e-09,-2.80683227771e-08,-4.92808860386e-09,-1.38321114562e-08,-9.08143071854e-09,2.5648019264e-09,3.88417475961e-09,3.99636064685e-06,0.0,5.29062198495e-08,-1.12111976591e-07,2.12360280472e-08,-9.67405711094e-09,-2.80683227771e-08,4.92808860386e-09,5.29062198495e-08,1.12111976591e-07,4.61540776087e-06,0.0,3.11266404651e-07,1.34850381528e-07,-1.38321114562e-08,9.08143071854e-09,2.12360280472e-08,9.67405711094e-09,3.11266404651e-07,-1.34850381528e-07,5.32910826223e-06,0.0
1625182293968682518,height,4,32,width,4,8,imag,2,2,0,4.19362429227e-08,0.0,2.87380541586e-09,-1.06152109325e-09,-2.95372277748e-08,-8.0135835745e-09,-1.21889769389e-08,-1.15386225019e-08,2.87380541586e-09,1.06152109325e-09,3.94695507566e-06,0.0,1.18074829913e-08,-1.50417449163e-07,6.77052192088e-09,-4.23952108974e-08,-2.95372277748e-08,8.0135835745e-09,1.18074829913e-08,1.50417449163e-07,4.65442644781e-06,0.0,3.32944722459e-07,1.41753588423e-07,-1.21889769389e-08,1.15386225019e-08,6.77052192088e-09,4.23952108974e-08,3.32944722459e-07,-1.41753588423e-07,5.34472383151e-06,0.0
1625182294098663953,height,4,32,width,4,8,imag,2,2,0,4.15823144806e-08,0.0,2.48122611346e-09,-1.86077742104e-09,-2.9107928512e-08,-8.58597104525e-09,-1.55356012499e-08,-4.9305812766e-09,2.48122611346e-09,1.86077742104e-09,3.94382095692e-06,0.0,3.46186332933e-08,-9.72591323034e-08,8.79922890107e-09,-2.57352859023e-08,-2.9107928512e-08,8.58597104525e-09,3.46186332933e-08,9.72591323034e-08,4.63795686301e-06,0.0,2.89201324222e-07,1.02134414703e-07,-1.55356012499e-08,4.9305812766e-09,8.79922890107e-09,2.57352859023e-08,2.89201324222e-07,-1.02134414703e-07,5.31825207872e-06,0.0
1625182294224456870,height,4,32,width,4,8,imag,2,2,0,4.13208844918e-08,0.0,2.09496042736e-09,-4.63798377481e-09,-2.98033633328e-08,-8.03394417659e-09,-1.20305552187e-08,-6.69160149513e-09,2.09496042736e-09,4.63798377481e-09,3.9994247345e-06,0.0,2.07051229495e-08,-7.91178678128e-08,-1.19595870984e-08,-3.57762459657e-08,-2.98033633328e-08,8.03394417659e-09,2.07051229495e-08,7.91178678128e-08,4.64239155917e-06,0.0,2.78097473938e-07,5.06640773779e-08,-1.20305552187e-08,6.69160149513e-09,-1.19595870984e-08,3.57762459657e-08,2.78097473938e-07,-5.06640773779e-08,5.33387810719e-06,0.0
1625182294351638142,height,4,32,width,4,8,imag,2,2,0,4.18049097561e-08,0.0,-1.18200349508e-09,-1.40845068941e-09,-2.9338949048e-08,-6.69348354521e-09,-1.42241454171e-08,-9.96497373507e-09,-1.18200349508e-09,1.40845068941e-09,3.94976632379e-06,0.0,4.31256417244e-08,-9.65281046206e-08,5.25752739122e-08,-4.92310618938e-08,-2.9338949048e-08,6.69348354521e-09,4.31256417244e-08,9.65281046206e-08,4.6985719564e-06,0.0,3.03542236679e-07,1.20785244917e-07,-1.42241454171e-08,9.96497373507e-09,5.25752739122e-08,4.92310618938e-08,3.03542236679e-07,-1.20785244917e-07,5.35407252755e-06,0.0
1625182294481050139,height,4,32,width,4,8,imag,2,2,0,4.14320879827e-08,0.0,-2.27241869766e-09,-1.56878232627e-09,-3.30772209622e-08,-6.46156905759e-09,-1.15452820637e-08,-7.34054150797e-09,-2.27241869766e-09,1.56878232627e-09,3.97093526772e-06,0.0,2.2571617464e-08,-6.49118234719e-08,2.7726605456e-09,2.14284519018e-08,-3.30772209622e-08,6.46156905759e-09,2.2571617464e-08,6.49118234719e-08,4.57517717223e-06,0.0,2.90465806074e-07,1.38508141845e-07,-1.15452820637e-08,7.34054150797e-09,2.7726605456e-09,-2.14284519018e-08,2.90465806074e-07,-1.38508141845e-07,5.36404377272e-06,0.0
1625182294608009038,height,4,32,width,4,8,imag,2,2,0,4.22417691937e-08,0.0,-1.30259247832e-09,-3.31415184185e-09,-2.80391336815e-08,-9.8034398377e-09,-1.83764061745e-08,-7.49499484698e-09,-1.30259247832e-09,3.31415184185e-09,3.96336099584e-06,0.0,8.49843928563e-08,-1.29193736598e-07,-1.46688874381e-08,-4.90410982934e-08,-2.80391336815e-08,9.8034398377e-09,8.49843928563e-08,1.29193736598e-07,4.63073592982e-06,0.0,3.29848631964e-07,1.14854117328e-07,-1.83764061745e-08,7.49499484698e-09,-1.46688874381e-08,4.90410982934e-08,3.29848631964e-07,-1.14854117328e-07,5.44494287169e-06,0.0
1625182294736965642,height,4,32,width,4,8,imag,2,2,0,4.20759000974e-08,0.0,1.50077483774e-09,-2.54805110345e-09,-2.75491629509e-08,-8.20522583211e-09,-6.8620296112e-09,-1.07244915171e-08,1.50077483774e-09,2.54805110345e-09,3.95596134695e-06,0.0,3.38767769392e-08,-8.4387714594e-08,6.03734164883e-08,-7.93354892892e-09,-2.75491629509e-08,8.20522583211e-09,3.38767769392e-08,8.4387714594e-08,4.6566092351e-06,0.0,2.99840223761e-07,1.59891442308e-07,-6.8620296112e-09,1.07244915171e-08,6.03734164883e-08,7.93354892892e-09,2.99840223761e-07,-1.59891442308e-07,5.34407081432e-06,0.0
1625182294863725342,height,4,32,width,4,8,imag,2,2,0,4.18347845255e-08,0.0,2.67038280377e-09,-4.63554888919e-10,-2.50057397011e-08,-5.22195442443e-09,-1.33842892325e-08,-9.03878216718e-09,2.67038280377e-09,4.63554888919e-10,3.96960831495e-06,0.0,8.12138125639e-08,-9.16856635058e-08,2.37185417973e-08,-2.26381846602e-08,-2.50057397011e-08,5.22195442443e-09,8.12138125639e-08,9.16856635058e-08,4.55373447039e-06,0.0,2.84668232098e-07,1.06377605391e-07,-1.33842892325e-08,9.03878216718e-09,2.37185417973e-08,2.26381846602e-08,2.84668232098e-07,-1.06377605391e-07,5.3006692724e-06,0.0
1625182294992718866,height,4,32,width,4,8,imag,2,2,0,4.19722283596e-08,0.0,-6.86818102391e-10,-2.86735057919e-09,-2.81719234607e-08,-4.83993556344e-09,-1.70202909544e-08,-1.08653255282e-08,-6.86818102391e-10,2.86735057919e-09,3.96372251998e-06,0.0,3.17729984545e-08,-6.61245138645e-08,-4.2349480367e-08,6.68136523885e-09,-2.81719234607e-08,4.83993556344e-09,3.17729984545e-08,6.61245138645e-08,4.61475974589e-06,0.0,3.30928571657e-07,9.96479130322e-08,-1.70202909544e-08,1.08653255282e-08,-4.2349480367e-08,-6.68136523885e-09,3.30928571657e-07,-9.96479130322e-08,5.34011223863e-06,0.0
1625182295120683957,height,4,32,width,4,8,imag,2,2,0,2.93071861961e-05,0.0,0.00101940694731,0.00153805094305,-9.0634865046e-05,0.00190349540208,-0.00209781620651,0.000461035087937,0.00101940694731,-0.00153805094305,0.119420953095,0.0,0.0978485420346,0.0720040723681,-0.0503714121878,0.126369655132,-9.0634865046e-05,-0.00190349540208,0.0978485420346,-0.0720040723681,0.12762068212,0.0,0.0366285480559,0.134945705533,-0.00209781620651,-0.000461035087937,-0.0503714121878,-0.126369655132,0.0366285480559,-0.134945705533,0.159090399742,0.0
1625182295253581144,height,4,32,width,4,8,imag,2,2,0,9.42058686633e-05,0.0,0.00316099566408,0.00499717472121,-0.000445196055807,0.00608957745135,-0.00670130411163,0.00157071428839,0.00316099566408,-0.00499717472121,0.380737930536,0.0,0.310923784971,0.230866283178,-0.146171912551,0.408643215895,-0.000445196055807,-0.00608957745135,0.310923784971,-0.230866283178,0.40674829483,0.0,0.134233504534,0.425783783197,-0.00670130411163,-0.00157071428839,-0.146171912551,-0.408643215895,0.134233504534,-0.425783783197,0.50755494833,0.0
1625182295375910485,height,4,32,width,4,8,imag,2,2,0,9.34953786782e-05,0.0,0.00320148398168,0.00492790853605,-0.000378518307116,0.00605492247269,-0.0066544059664,0.00156557711307,0.00320148398168,-0.00492790853605,0.379111945629,0.0,0.308942764997,0.230253711343,-0.150426074862,0.404989987612,-0.000378518307116,-0.00605492247269,0.308942764997,-0.230253711343,0.404926121235,0.0,0.129311591387,0.424973964691,-0.0066544059664,-0.00156557711307,-0.150426074862,-0.404989987612,0.129311591387,-0.424973964691,0.504776716232,0.0
1625182295507534513,height,4,32,width,4,8,imag,2,2,0,9.31886897888e-05,0.0,0.0031904107891,0.00491953408346,-0.000409991218476,0.0060419831425,-0.0066461362876,0.00155018037185,0.0031904107891,-0.00491953408346,0.378437459469,0.0,0.307378470898,0.231311887503,-0.150309771299,0.404257029295,-0.000409991218476,-0.0060419831425,0.307378470898,-0.231311887503,0.404434293509,0.0,0.130964025855,0.42383235693,-0.0066461362876,-0.00155018037185,-0.150309771299,-0.404257029295,0.130964025855,-0.42383235693,0.504476606846,0.0
1625182295632176726,height,4,32,width,4,8,imag,2,2,0,9.32120383368e-05,0.0,0.0032449325081,0.00489268777892,-0.000340016151313,0.00604876456782,-0.0066661410965,0.00151161197573,0.0032449325081,-0.00489268777892,0.379394114017,0.0,0.30857399106,0.23151640594,-0.157673448324,0.403185099363,-0.000340016151313,-0.00604876456782,0.30857399106,-0.23151640594,0.404788374901,0.0,0.123183459044,0.427391111851,-0.0066661410965,-0.00151161197573,-0.157673448324,-0.403185099363,0.123183459044,-0.427391111851,0.506139397621,0.0
1625182295762017104,height,4,32,width,4,8,imag,2,2,0,9.39846868278e-05,0.0,0.00315068522468,0.00497361365706,-0.000457867543446,0.00605837535113,-0.00667890207842,0.00152844504919,0.00315068522468,-0.00497361365706,0.378443568945,0.0,0.307841360569,0.230203300714,-0.147783994675,0.405274748802,-0.000457867543446,-0.00605837535113,0.307841360569,-0.230203300714,0.40377175808,0.0,0.132352054119,0.423184603453,-0.00667890207842,-0.00152844504919,-0.147783994675,-0.405274748802,0.132352054119,-0.423184603453,0.50422590971,0.0
1625182295887786651,height,4,32,width,4,8,imag,2,2,0,9.28187801037e-05,0.0,0.00323022273369,0.0048780660145,-0.000329643778969,0.00602715369314,-0.00661883456632,0.00155451707542,0.00323022273369,-0.0048780660145,0.378362685442,0.0,0.307984381914,0.230041027069,-0.15392640233,0.402559578419,-0.000329643778969,-0.00602715369314,0.307984381914,-0.230041027069,0.403555065393,0.0,0.125065162778,0.424675792456,-0.00661883456632,-0.00155451707542,-0.15392640233,-0.402559578419,0.125065162778,-0.424675792456,0.503175020218,0.0
1625182296017021820,height,4,32,width,4,8,imag,2,2,0,9.30419409997e-05,0.0,0.00319454469718,0.00490410393104,-0.000397164170863,0.00603469321504,-0.00664137443528,0.0015456447145,0.00319454469718,-0.00490410393104,0.377827703953,0.0,0.307273834944,0.231156304479,-0.151291966438,0.403393626213,-0.000397164170863,-0.00603469321504,0.307273834944,-0.231156304479,0.40408539772,0.0,0.129420265555,0.424088686705,-0.00664137443528,-0.0015456447145,-0.151291966438,-0.403393626213,0.129420265555,-0.424088686705,0.504492580891,0.0
1625182296143544482,height,4,32,width,4,8,imag,2,2,0,9.21102691791e-05,0.0,0.00316290115006,0.00488815596327,-0.000409040047089,0.00600469298661,-0.00660949246958,0.00152158865239,0.00316290115006,-0.00488815596327,0.37749221921,0.0,0.307422935963,0.230900138617,-0.150898680091,0.403194248676,-0.000409040047089,-0.00600469298661,0.307422935963,-0.230900138617,0.404167830944,0.0,0.129293978214,0.423995167017,-0.00660949246958,-0.00152158865239,-0.150898680091,-0.403194248676,0.129293978214,-0.423995167017,0.504138827324,0.0
1625182296270270936,height,4,32,width,4,8,imag,2,2,0,9.25831045606e-05,0.0,0.0032123439014,0.00490820501,-0.000360641075531,0.00604104902595,-0.00662812683731,0.00157824682537,0.0032123439014,-0.00490820501,0.381421327591,0.0,0.309998452663,0.231438264251,-0.151951238513,0.407006263733,-0.000360641075531,-0.00604104902595,0.309998452663,-0.231438264251,0.406734257936,0.0,0.129832446575,0.426883727312,-0.00662812683731,-0.00157824682537,-0.151951238513,-0.407006263733,0.129832446575,-0.426883727312,0.506933689117,0.0
1625182296397318129,height,4,32,width,4,8,imag,2,2,0,4.01939469157e-05,0.0,0.00139233341906,0.00212134537287,-0.000160091542057,0.00262306537479,-0.00288224732503,0.000664520310238,0.00139233341906,-0.00212134537287,0.164707437158,0.0,0.134584724903,0.100940197706,-0.0668362081051,0.175389364362,-0.000160091542057,-0.00262306537479,0.134584724903,-0.100940197706,0.177036672831,0.0,0.0550673566759,0.185601726174,-0.00288224732503,-0.000664520310238,-0.0668362081051,-0.175389364362,0.0550673566759,-0.185601726174,0.219763696194,0.0
1625182296525568479,height,4,32,width,4,8,imag,2,2,0,4.16172127871e-08,0.0,1.60583413233e-09,-5.53083312482e-09,-2.88452515207e-08,-5.62378721369e-09,-1.18235519153e-08,-9.30719235015e-09,1.60583413233e-09,5.53083312482e-09,3.95097549699e-06,0.0,4.45323351528e-08,-6.40563868615e-08,4.38612488551e-08,-2.02457037801e-08,-2.88452515207e-08,5.62378721369e-09,4.45323351528e-08,6.40563868615e-08,4.61850368083e-06,0.0,2.8679727393e-07,1.09118289515e-07,-1.18235519153e-08,9.30719235015e-09,4.38612488551e-08,2.02457037801e-08,2.8679727393e-07,-1.09118289515e-07,5.35412300451e-06,0.0
1625182296654177303,height,4,32,width,4,8,imag,2,2,0,4.17287679966e-08,0.0,-9.69619384783e-10,-4.39558878185e-09,-3.02950198261e-08,-9.81961267854e-09,-1.21127454733e-08,-1.20769110268e-08,-9.69619384783e-10,4.39558878185e-09,3.99129112338e-06,0.0,5.92008753131e-08,-1.39420762935e-07,1.76532424234e-08,-4.34199414201e-08,-3.02950198261e-08,9.81961267854e-09,5.92008753131e-08,1.39420762935e-07,4.57518035546e-06,0.0,2.92491705522e-07,1.3279722566e-07,-1.21127454733e-08,1.20769110268e-08,1.76532424234e-08,4.34199414201e-08,2.92491705522e-07,-1.3279722566e-07,5.30425177203e-06,0.0
1625182296782256875,height,4,32,width,4,8,imag,2,2,0,4.1767439285e-08,0.0,2.89024471023e-09,-3.90124554883e-09,-2.85639281117e-08,-7.52983897456e-09,-1.36415181373e-08,-5.03477748381e-09,2.89024471023e-09,3.90124554883e-09,3.95519418817e-06,0.0,2.80630416682e-08,-6.35597956489e-08,1.41992098079e-08,-5.49494885149e-08,-2.85639281117e-08,7.52983897456e-09,2.80630416682e-08,6.35597956489e-08,4.63451760879e-06,0.0,2.84296646669e-07,1.22496345512e-07,-1.36415181373e-08,5.03477748381e-09,1.41992098079e-08,5.49494885149e-08,2.84296646669e-07,-1.22496345512e-07,5.38638187209e-06,0.0
1625182296909028296,height,4,32,width,4,8,imag,2,2,0,4.15473238036e-08,0.0,6.01161134761e-11,-2.13247886016e-09,-2.66107065272e-08,-7.83109843638e-09,-1.12547287046e-08,-7.01626845512e-09,6.01161134761e-11,2.13247886016e-09,3.93409754906e-06,0.0,-2.74205902429e-09,-8.78542394389e-08,-5.9429834387e-09,-2.71691540377e-08,-2.66107065272e-08,7.83109843638e-09,-2.74205902429e-09,8.78542394389e-08,4.61260515294e-06,0.0,3.32500803779e-07,8.24542070177e-08,-1.12547287046e-08,7.01626845512e-09,-5.9429834387e-09,2.71691540377e-08,3.32500803779e-07,-8.24542070177e-08,5.34342234459e-06,0.0
1625182297037559942,height,4,32,width,4,8,imag,2,2,0,4.16370120604e-08,0.0,-2.57088433875e-10,-6.08648065281e-09,-2.80592207247e-08,-8.49435011219e-09,-1.31371304946e-08,-1.3208348193e-08,-2.57088433875e-10,6.08648065281e-09,3.96947689296e-06,0.0,2.75242371117e-08,-7.40273549127e-08,5.38631219626e-08,-2.36403501219e-08,-2.80592207247e-08,8.49435011219e-09,2.75242371117e-08,7.40273549127e-08,4.59185412183e-06,0.0,3.3478463024e-07,1.15605551798e-07,-1.31371304946e-08,1.3208348193e-08,5.38631219626e-08,2.36403501219e-08,3.3478463024e-07,-1.15605551798e-07,5.35754224984e-06,0.0
1625182297165219886,height,4,32,width,4,8,imag,2,2,0,4.14920542369e-08,0.0,-2.52110221588e-09,-2.387736453e-09,-3.10827346084e-08,-7.99465738055e-09,-1.56864903289e-08,-6.90654733404e-09,-2.52110221588e-09,2.387736453e-09,3.98922884415e-06,0.0,4.93407483759e-08,-8.91584264195e-08,2.47275018239e-08,-4.04263253984e-08,-3.10827346084e-08,7.99465738055e-09,4.93407483759e-08,8.91584264195e-08,4.63811556983e-06,0.0,3.43816310533e-07,1.24495358023e-07,-1.56864903289e-08,6.90654733404e-09,2.47275018239e-08,4.04263253984e-08,3.43816310533e-07,-1.24495358023e-07,5.36044444743e-06,0.0
1625182297294138301,height,4,32,width,4,8,imag,2,2,0,4.17954915122e-08,0.0,2.60493293602e-09,-2.52668774792e-09,-3.02704137312e-08,-8.55237125563e-09,-1.6126289637e-08,-9.18850773246e-09,2.60493293602e-09,2.52668774792e-09,3.9823280531e-06,0.0,5.57676145263e-08,-1.09682694927e-07,3.00010682963e-08,-5.18311651376e-08,-3.02704137312e-08,8.55237125563e-09,5.57676145263e-08,1.09682694927e-07,4.65279617856e-06,0.0,3.18079912631e-07,1.07448293818e-07,-1.6126289637e-08,9.18850773246e-09,3.00010682963e-08,5.18311651376e-08,3.18079912631e-07,-1.07448293818e-07,5.27649854121e-06,0.0
1625182297421757873,height,4,32,width,4,8,imag,2,2,0,4.17323207103e-08,0.0,1.03438901888e-09,-2.00628114122e-09,-2.84482748469e-08,-1.01546815401e-08,-1.51902952439e-08,-6.25853857628e-09,1.03438901888e-09,2.00628114122e-09,3.98106749344e-06,0.0,1.05891615476e-08,-1.38423772e-07,2.89245001284e-08,-2.76791034537e-08,-2.84482748469e-08,1.01546815401e-08,1.05891615476e-08,1.38423772e-07,4.6642999223e-06,0.0,2.71257846407e-07,8.52123349659e-08,-1.51902952439e-08,6.25853857628e-09,2.89245001284e-08,2.76791034537e-08,2.71257846407e-07,-8.52123349659e-08,5.30101078766e-06,0.0
1625182297550505900,height,4,32,width,4,8,imag,2,2,0,4.15135907872e-08,0.0,2.49593767876e-09,-4.6374490914e-09,-2.84536767481e-08,-6.62497567916e-09,-1.02481134689e-08,-1.00116874791e-08,2.49593767876e-09,4.6374490914e-09,3.97846042688e-06,0.0,1.27796280225e-08,-9.39368689501e-08,1.98336582713e-08,-7.5526136456e-09,-2.84536767481e-08,6.62497567916e-09,1.27796280225e-08,9.39368689501e-08,4.57384930996e-06,0.0,3.04240785454e-07,1.63053471169e-07,-1.02481134689e-08,1.00116874791e-08,1.98336582713e-08,7.5526136456e-09,3.04240785454e-07,-1.63053471169e-07,5.34952323505e-06,0.0
1625182297684622234,height,4,32,width,4,8,imag,2,2,0,4.16542214055e-08,0.0,-4.10562295272e-09,-6.34481533979e-09,-3.03808285196e-08,-1.00196260178e-08,-1.07224407131e-08,-6.90719970109e-09,-4.10562295272e-09,6.34481533979e-09,3.93509708374e-06,0.0,5.61934996313e-08,-5.09256246062e-08,6.20617015556e-08,-1.49144447903e-08,-3.03808285196e-08,1.00196260178e-08,5.61934996313e-08,5.09256246062e-08,4.6082445806e-06,0.0,3.42237996165e-07,7.90221577063e-08,-1.07224407131e-08,6.90719970109e-09,6.20617015556e-08,1.49144447903e-08,3.42237996165e-07,-7.90221577063e-08,5.3580124586e-06,0.0
1625182297810548086,height,4,32,width,4,8,imag,2,2,0,4.17492849181e-08,0.0,-1.11828235561e-09,-3.10796233194e-09,-2.63613273432e-08,-7.70309505072e-09,-1.5175217527e-08,-1.02991375428e-08,-1.11828235561e-09,3.10796233194e-09,3.99480586566e-06,0.0,3.26590665622e-08,-9.206281959e-08,3.04466247769e-08,-2.61630273002e-08,-2.63613273432e-08,7.70309505072e-09,3.26590665622e-08,9.206281959e-08,4.57591386294e-06,0.0,3.64233756045e-07,1.35048836114e-07,-1.5175217527e-08,1.02991375428e-08,3.04466247769e-08,2.61630273002e-08,3.64233756045e-07,-1.35048836114e-07,5.34733771929e-06,0.0
1625182297937440460,height,4,32,width,4,8,imag,2,2,0,4.18025649651e-08,0.0,-1.07116404635e-09,-3.51068885074e-09,-2.97924884762e-08,-6.94513424548e-09,-1.03673407637e-08,-8.93718610229e-09,-1.07116404635e-09,3.51068885074e-09,3.99323789679e-06,0.0,6.49172093858e-09,-1.059746495e-07,1.8768931298e-08,-6.12749717632e-09,-2.97924884762e-08,6.94513424548e-09,6.49172093858e-09,1.059746495e-07,4.65155562779e-06,0.0,2.92859454021e-07,1.0074288781e-07,-1.03673407637e-08,8.93718610229e-09,1.8768931298e-08,6.12749717632e-09,2.92859454021e-07,-1.0074288781e-07,5.36662946615e-06,0.0
1625182298066068282,height,4,32,width,4,8,imag,2,2,0,4.166847134e-08,0.0,-1.79384929133e-09,-1.19984355784e-09,-2.80749272719e-08,-6.02818328588e-09,-1.23362511317e-08,-7.4323325272e-09,-1.79384929133e-09,1.19984355784e-09,3.94422022509e-06,0.0,6.04292367257e-08,-8.80402453163e-08,3.37191927713e-08,-5.60333965893e-08,-2.80749272719e-08,6.02818328588e-09,6.04292367257e-08,8.80402453163e-08,4.58838030681e-06,0.0,2.770354115e-07,1.17192428206e-07,-1.23362511317e-08,7.4323325272e-09,3.37191927713e-08,5.60333965893e-08,2.770354115e-07,-1.17192428206e-07,5.31785872226e-06,0.0
1625182298196679939,height,4,32,width,4,8,imag,2,2,0,4.14263716664e-08,0.0,-4.52371340387e-09,2.71218336678e-09,-3.11349666049e-08,-7.74605712905e-09,-1.5226779837e-08,-6.94757806841e-09,-4.52371340387e-09,-2.71218336678e-09,3.94737526221e-06,0.0,4.14623002598e-08,-7.25894935272e-08,5.88942619117e-08,1.26031562964e-09,-3.11349666049e-08,7.74605712905e-09,4.14623002598e-08,7.25894935272e-08,4.59279181086e-06,0.0,3.04315022959e-07,6.93331116963e-08,-1.5226779837e-08,6.94757806841e-09,5.88942619117e-08,-1.26031562964e-09,3.04315022959e-07,-6.93331116963e-08,5.33848333362e-06,0.0
1625182298322113552,height,4,32,width,4,8,imag,2,2,0,4.22303152448e-08,0.0,-4.86056794813e-09,-1.47705869757e-09,-2.62666048911e-08,-9.78563008402e-09,-1.60107607172e-08,-9.72660707532e-09,-4.86056794813e-09,1.47705869757e-09,3.92236006519e-06,0.0,4.04098123852e-08,-9.82911316783e-08,1.84715744922e-08,4.04925781794e-09,-2.62666048911e-08,9.78563008402e-09,4.04098123852e-08,9.82911316783e-08,4.57840269519e-06,0.0,3.65803003888e-07,1.24653809053e-07,-1.60107607172e-08,9.72660707532e-09,1.84715744922e-08,-4.04925781794e-09,3.65803003888e-07,-1.24653809053e-07,5.30420447831e-06,0.0
1625182298448841136,height,4,32,width,4,8,imag,2,2,0,4.14609111488e-08,0.0,7.82538811528e-10,-3.45648931699e-09,-2.48744118636e-08,-4.02884792194e-09,-1.16693303909e-08,-8.83533335383e-09,7.82538811528e-10,3.45648931699e-09,3.98776410293e-06,0.0,3.84365916872e-09,-1.16642468129e-07,2.11046700116e-08,1.63915867546e-08,-2.48744118636e-08,4.02884792194e-09,3.84365916872e-09,1.16642468129e-07,4.62810976387e-06,0.0,3.03436763716e-07,8.72627694548e-08,-1.16693303909e-08,8.83533335383e-09,2.11046700116e-08,-1.63915867546e-08,3.03436763716e-07,-8.72627694548e-08,5.32734657099e-06,0.0
1625182298584890480,height,4,32,width,4,8,imag,2,2,0,4.16951095872e-08,0.0,8.11764711006e-10,-3.72912367652e-09,-2.5560968453e-08,-6.5903034141e-09,-1.66134590529e-08,-8.51641601685e-09,8.11764711006e-10,3.72912367652e-09,3.97708208766e-06,0.0,2.54070151584e-08,-1.26200561112e-07,9.1027434479e-09,-2.020606793e-08,-2.5560968453e-08,6.5903034141e-09,2.54070151584e-08,1.26200561112e-07,4.60463479612e-06,0.0,3.09628802597e-07,1.41755450045e-07,-1.66134590529e-08,8.51641601685e-09,9.1027434479e-09,2.020606793e-08,3.09628802597e-07,-1.41755450045e-07,5.33926595381e-06,0.0
1625182298711645855,height,4,32,width,4,8,imag,2,2,0,4.18568788518e-08,0.0,-1.99466976269e-09,-1.83062842662e-09,-2.97694811024e-08,-1.36328637268e-08,-1.28883126393e-08,-8.7487732614e-09,-1.99466976269e-09,1.83062842662e-09,3.96422319682e-06,0.0,2.41126745237e-08,-8.81326513991e-08,3.2425685248e-08,-1.15138609758e-08,-2.97694811024e-08,1.36328637268e-08,2.41126745237e-08,8.81326513991e-08,4.64294180347e-06,0.0,2.52785582688e-07,8.6163815638e-08,-1.28883126393e-08,8.7487732614e-09,3.2425685248e-08,1.15138609758e-08,2.52785582688e-07,-8.6163815638e-08,5.30418355993e-06,0.0
1625182298834122032,height,4,32,width,4,8,imag,2,2,0,4.18833892013e-08,0.0,4.47120812597e-10,-4.02161992596e-09,-2.96380875398e-08,-7.62010987643e-09,-1.19879572935e-08,-8.23519918924e-09,4.47120812597e-10,4.02161992596e-09,3.96140512748e-06,0.0,6.74724560668e-08,-1.0478619572e-07,5.83672914445e-08,-3.40627437367e-08,-2.96380875398e-08,7.62010987643e-09,6.74724560668e-08,1.0478619572e-07,4.58424028693e-06,0.0,3.24237504401e-07,1.10592743852e-07,-1.19879572935e-08,8.23519918924e-09,5.83672914445e-08,3.40627437367e-08,3.24237504401e-07,-1.10592743852e-07,5.3298090279e-06,0.0
1625182298964216967,height,4,32,width,4,8,imag,2,2,0,4.17118677376e-08,0.0,-8.80281070259e-10,-2.99873459397e-09,-3.09798089404e-08,-5.46606049312e-09,-1.10308109313e-08,-4.1328163114e-09,-8.80281070259e-10,2.99873459397e-09,3.95828465116e-06,0.0,3.64488599303e-08,-1.46544664403e-07,-1.90656752608e-08,2.18448636957e-08,-3.09798089404e-08,5.46606049312e-09,3.64488599303e-08,1.46544664403e-07,4.66598930871e-06,0.0,3.44496243088e-07,1.14991522082e-07,-1.10308109313e-08,4.1328163114e-09,-1.90656752608e-08,-2.18448636957e-08,3.44496243088e-07,-1.14991522082e-07,5.29537646798e-06,0.0
1625182299089967015,height,4,32,width,4,8,imag,2,2,0,4.15955696553e-08,0.0,2.44744957634e-09,-4.87659601589e-09,-3.083332345e-08,-4.6652548491e-09,-1.53664938551e-08,-5.11391107239e-09,2.44744957634e-09,4.87659601589e-09,4.00175758841e-06,0.0,1.61949600397e-08,-9.28046546278e-08,-3.6312684415e-08,3.2033476316e-08,-3.083332345e-08,4.6652548491e-09,1.61949600397e-08,9.28046546278e-08,4.6281993491e-06,0.0,2.56381298414e-07,1.0736727063e-07,-1.53664938551e-08,5.11391107239e-09,-3.6312684415e-08,-3.2033476316e-08,2.56381298414e-07,-1.0736727063e-07,5.29353474121e-06,0.0
1625182299217019358,height,4,32,width,4,8,imag,2,2,0,4.18995682594e-08,0.0,3.007779803e-09,-5.84624260114e-09,-2.78834964007e-08,-7.12593628549e-09,-1.28423129908e-08,-1.04022248593e-08,3.007779803e-09,5.84624260114e-09,3.96175209971e-06,0.0,3.72714161756e-08,-1.34315783384e-07,4.68004515142e-08,-3.07972491953e-09,-2.78834964007e-08,7.12593628549e-09,3.72714161756e-08,1.34315783384e-07,4.5728220357e-06,0.0,2.99372601376e-07,1.27479566459e-07,-1.28423129908e-08,1.04022248593e-08,4.68004515142e-08,3.07972491953e-09,2.99372601376e-07,-1.27479566459e-07,5.33189586349e-06,0.0
1625182299345676990,height,4,32,width,4,8,imag,2,2,0,4.19208738833e-08,0.0,-2.93136737106e-09,-1.57725876804e-09,-2.77894098843e-08,-5.55376855615e-09,-1.25286261365e-08,-1.25509389548e-08,-2.93136737106e-09,1.57725876804e-09,3.97045187128e-06,0.0,1.77850996153e-08,-3.5376501728e-08,-2.16032294276e-08,3.14853387806e-08,-2.77894098843e-08,5.55376855615e-09,1.77850996153e-08,3.5376501728e-08,4.57680744148e-06,0.0,2.7532254876e-07,1.73817653604e-07,-1.25286261365e-08,1.25509389548e-08,-2.16032294276e-08,-3.14853387806e-08,2.7532254876e-07,-1.73817653604e-07,5.351677828e-06,0.0
1625182299480140119,height,4,32,width,4,8,imag,2,2,0,4.20906545173e-08,0.0,9.53225720579e-10,-2.27990160084e-09,-2.58415866483e-08,-1.17128990951e-08,-1.34112561057e-08,-6.37897290545e-09,9.53225720579e-10,2.27990160084e-09,3.97184612666e-06,0.0,6.872938485e-08,-8.34640729863e-08,5.47335297085e-08,1.81341555106e-08,-2.58415866483e-08,1.17128990951e-08,6.872938485e-08,8.34640729863e-08,4.62773596155e-06,0.0,2.7426810334e-07,7.89788145994e-08,-1.34112561057e-08,6.37897290545e-09,5.47335297085e-08,-1.81341555106e-08,2.7426810334e-07,-7.89788145994e-08,5.33834418093e-06,0.0
1625182299601570350,height,4,32,width,4,8,imag,2,2,0,7.59799377192e-06,0.0,0.000297714199405,0.000392205169192,7.9123847172e-06,0.000509212783072,-0.000556084385607,0.000130750748212,0.000297714199405,-0.000392205169192,0.0328696742654,0.0,0.0267576947808,0.0197630990297,-0.0156500563025,0.0341577082872,7.9123847172e-06,-0.000509212783072,0.0267576947808,-0.0197630990297,0.0352486260235,0.0,0.00844682566822,0.037635538727,-0.000556084385607,-0.000130750748212,-0.0156500563025,-0.0341577082872,0.00844682566822,-0.037635538727,0.0437279231846,0.0
1625182299729797217,height,4,32,width,4,8,imag,2,2,0,9.13198527996e-05,0.0,0.0031649034936,0.00485400203615,-0.000313690834446,0.00597990024835,-0.00657195691019,0.00150843779556,0.0031649034936,-0.00485400203615,0.377676665783,0.0,0.310291975737,0.227128461003,-0.152578443289,0.402186870575,-0.000313690834446,-0.00597990024835,0.310291975737,-0.227128461003,0.40404343605,0.0,0.121944896877,0.425444960594,-0.00657195691019,-0.00150843779556,-0.152578443289,-0.402186870575,0.121944896877,-0.425444960594,0.502680599689,0.0
1625182299857952620,height,4,32,width,4,8,imag,2,2,0,9.21090468182e-05,0.0,0.00312893325463,0.00492975814268,-0.000439329014625,0.00602307496592,-0.00662549538538,0.0015282263048,0.00312893325463,-0.00492975814268,0.379795432091,0.0,0.310363650322,0.231150105596,-0.147651061416,0.406777083874,-0.000439329014625,-0.00602307496592,0.310363650322,-0.231150105596,0.407062858343,0.0,0.132529586554,0.425620138645,-0.00662549538538,-0.0015282263048,-0.147651061416,-0.406777083874,0.132529586554,-0.425620138645,0.506460428238,0.0
1625182299980486021,height,4,32,width,4,8,imag,2,2,0,9.02883621166e-05,0.0,0.00318446313031,0.00480701494962,-0.000319330429193,0.00594462268054,-0.0065392870456,0.00151632074267,0.00318446313031,-0.00480701494962,0.377910733223,0.0,0.308131217957,0.229692861438,-0.154646188021,0.40204808116,-0.000319330429193,-0.00594462268054,0.308131217957,-0.229692861438,0.403654247522,0.0,0.123783372343,0.425073504448,-0.0065392870456,-0.00151632074267,-0.154646188021,-0.40204808116,0.123783372343,-0.425073504448,0.503874242306,0.0
1625182300109677760,height,4,32,width,4,8,imag,2,2,0,9.03216059669e-05,0.0,0.00319470069371,0.00482239760458,-0.000320806488162,0.00595854176208,-0.00654596835375,0.0015397418756,0.00319470069371,-0.00482239760458,0.380360215902,0.0,0.309375822544,0.230764389038,-0.154171228409,0.40450078249,-0.000320806488162,-0.00595854176208,0.309375822544,-0.230764389038,0.405490517616,0.0,0.126023977995,0.426165878773,-0.00654596835375,-0.0015397418756,-0.154171228409,-0.40450078249,0.126023977995,-0.426165878773,0.505566775799,0.0
1625182300237983632,height,4,32,width,4,8,imag,2,2,0,8.95416087587e-05,0.0,0.0032204024028,0.00476368935779,-0.00025617776555,0.00593372480944,-0.00651385681704,0.00151654693764,0.0032204024028,-0.00476368935779,0.378718078136,0.0,0.309082716703,0.229877814651,-0.158444538713,0.401570916176,-0.00025617776555,-0.00593372480944,0.309082716703,-0.229877814651,0.404960393906,0.0,0.120022855699,0.427229076624,-0.00651385681704,-0.00151654693764,-0.158444538713,-0.401570916176,0.120022855699,-0.427229076624,0.5044054389,0.0
1625182300360065084,height,4,32,width,4,8,imag,2,2,0,8.95579723874e-05,0.0,0.0031864407938,0.00475969724357,-0.0002832764294,0.00590602681041,-0.00650586839765,0.00148938864004,0.0031864407938,-0.00475969724357,0.376195341349,0.0,0.307135641575,0.22847892344,-0.156671226025,0.399333149195,-0.0002832764294,-0.00590602681041,0.307135641575,-0.22847892344,0.40155184269,0.0,0.119708135724,0.42419397831,-0.00650586839765,-0.00148938864004,-0.156671226025,-0.399333149195,0.119708135724,-0.42419397831,0.501679897308,0.0
1625182300475268110,height,4,32,width,4,8,imag,2,2,0,8.96822748473e-05,0.0,0.0031562356744,0.00481602316722,-0.000347187189618,0.00593303935602,-0.00653036963195,0.00150547351222,0.0031562356744,-0.00481602316722,0.379726558924,0.0,0.30910846591,0.23044770956,-0.154005423188,0.404365509748,-0.000347187189618,-0.00593303935602,0.30910846591,-0.23044770956,0.405450105667,0.0,0.126115947962,0.426220178604,-0.00653036963195,-0.00150547351222,-0.154005423188,-0.404365509748,0.126115947962,-0.426220178604,0.50590223074,0.0
1625182300622818408,height,4,32,width,4,8,imag,2,2,0,9.00088780327e-05,0.0,0.00318981613964,0.00479241181165,-0.000304500106722,0.00594698870555,-0.0065306480974,0.00154886441305,0.00318981613964,-0.00479241181165,0.378648132086,0.0,0.309448182583,0.230468779802,-0.153911158442,0.40328130126,-0.000304500106722,-0.00594698870555,0.309448182583,-0.230468779802,0.405887782574,0.0,0.12525229156,0.426580637693,-0.0065306480974,-0.00154886441305,-0.153911158442,-0.40328130126,0.12525229156,-0.426580637693,0.505220293999,0.0
1625182300749552097,height,4,32,width,4,8,imag,2,2,0,8.90136070666e-05,0.0,0.00314370333217,0.0047719264403,-0.00031819450669,0.00588924624026,-0.00648735603318,0.00147509330418,0.00314370333217,-0.0047719264403,0.376865416765,0.0,0.30759626627,0.228231027722,-0.154780030251,0.400554746389,-0.00031819450669,-0.00588924624026,0.30759626627,-0.228231027722,0.402186334133,0.0,0.121734246612,0.423950701952,-0.00648735603318,-0.00147509330418,-0.154780030251,-0.400554746389,0.121734246612,-0.423950701952,0.501928448677,0.0
1625182300879161696,height,4,32,width,4,8,imag,2,2,0,6.09943417658e-05,0.0,0.00210541952401,0.00327427918091,-0.000246729701757,0.00400938931853,-0.00441375980154,0.000995539943688,0.00210541952401,-0.00327427918091,0.255029499531,0.0,0.208554416895,0.153569355607,-0.102222882211,0.271695077419,-0.000246729701757,-0.00400938931853,0.208554416895,-0.153569355607,0.272068351507,0.0,0.08402454108,0.286146640778,-0.00441375980154,-0.000995539943688,-0.102222882211,-0.271695077419,0.08402454108,-0.286146640778,0.339033573866,0.0
1625182301006321155,height,4,32,width,4,8,imag,2,2,0,4.21837142994e-08,0.0,3.65184549267e-09,-4.29304147787e-09,-2.76990501646e-08,-7.48742756684e-09,-1.13540412627e-08,-6.58588872327e-09,3.65184549267e-09,4.29304147787e-09,3.96456061935e-06,0.0,8.91324525298e-09,-1.33643808908e-07,-3.04678682284e-09,-9.77374625677e-09,-2.76990501646e-08,7.48742756684e-09,8.91324525298e-09,1.33643808908e-07,4.6763834689e-06,0.0,2.68557727168e-07,1.00956320637e-07,-1.13540412627e-08,6.58588872327e-09,-3.04678682284e-09,9.77374625677e-09,2.68557727168e-07,-1.00956320637e-07,5.27988731847e-06,0.0
1625182301141708852,height,4,32,width,4,8,imag,2,2,0,4.1936090156e-08,0.0,5.82859427389e-10,-4.6677324228e-09,-2.89080315241e-08,-1.20224266098e-08,-1.25989050304e-08,-1.25481847135e-08,5.82859427389e-10,4.6677324228e-09,3.99640657633e-06,0.0,2.9996506612e-08,-1.44058887486e-07,3.11735881553e-08,-8.01931534511e-08,-2.89080315241e-08,1.20224266098e-08,2.9996506612e-08,1.44058887486e-07,4.60885166831e-06,0.0,3.17657566029e-07,1.67361008607e-07,-1.25989050304e-08,1.25481847135e-08,3.11735881553e-08,8.01931534511e-08,3.17657566029e-07,-1.67361008607e-07,5.37907044418e-06,0.0
1625182301262419502,height,4,32,width,4,8,imag,2,2,0,4.23855972542e-08,0.0,1.36528965911e-09,-6.35695851514e-09,-2.76144067612e-08,-6.77116940295e-09,-1.67499543124e-08,-7.87031417815e-09,1.36528965911e-09,6.35695851514e-09,3.96262612412e-06,0.0,2.70493831778e-08,-9.92409354694e-08,2.48190392682e-08,-2.69807518549e-08,-2.76144067612e-08,6.77116940295e-09,2.70493831778e-08,9.92409354694e-08,4.5992737796e-06,0.0,3.29318140757e-07,1.05700252107e-07,-1.67499543124e-08,7.87031417815e-09,2.48190392682e-08,2.69807518549e-08,3.29318140757e-07,-1.05700252107e-07,5.38762105862e-06,0.0
1625182301391204207,height,4,32,width,4,8,imag,2,2,0,4.18128252022e-08,0.0,-1.40168243679e-09,-4.08777484084e-10,-3.06879641698e-08,-8.64233395959e-09,-1.43979494993e-08,-9.71594715793e-09,-1.40168243679e-09,4.08777484084e-10,3.95474626202e-06,0.0,1.27658150717e-08,-1.17408347933e-07,4.43933156902e-09,-3.17129220662e-08,-3.06879641698e-08,8.64233395959e-09,1.27658150717e-08,1.17408347933e-07,4.62079515273e-06,0.0,3.07459174564e-07,1.63359487715e-07,-1.43979494993e-08,9.71594715793e-09,4.43933156902e-09,3.17129220662e-08,3.07459174564e-07,-1.63359487715e-07,5.29098451807e-06,0.0
1625182301518715428,height,4,32,width,4,8,imag,2,2,0,4.16317504914e-08,0.0,1.61172253321e-09,-4.07839673144e-09,-2.85242407472e-08,-1.08511288843e-08,-1.26191821437e-08,-1.1940927358e-08,1.61172253321e-09,4.07839673144e-09,3.96466248276e-06,0.0,7.53307816126e-08,-9.56153272114e-08,1.32820527909e-08,-4.59145219622e-08,-2.85242407472e-08,1.08511288843e-08,7.53307816126e-08,9.56153272114e-08,4.64357344754e-06,0.0,3.18772947594e-07,1.12424181964e-07,-1.26191821437e-08,1.1940927358e-08,1.32820527909e-08,4.59145219622e-08,3.18772947594e-07,-1.12424181964e-07,5.37288497071e-06,0.0
1625182301647290901,height,4,32,width,4,8,imag,2,2,0,4.18328554019e-08,0.0,8.30598589907e-10,-8.52158288378e-10,-2.5324586872e-08,-6.13883432976e-09,-1.38689113527e-08,-9.05653863015e-09,8.30598589907e-10,8.52158288378e-10,3.93996242565e-06,0.0,2.23510525643e-08,-1.02454983164e-07,6.12628081598e-09,-2.5251235769e-08,-2.5324586872e-08,6.13883432976e-09,2.23510525643e-08,1.02454983164e-07,4.62992602479e-06,0.0,3.26858867084e-07,8.76191776911e-08,-1.38689113527e-08,9.05653863015e-09,6.12628081598e-09,2.5251235769e-08,3.26858867084e-07,-8.76191776911e-08,5.35874596608e-06,0.0
1625182301773452930,height,4,32,width,4,8,imag,2,2,0,4.19603907176e-08,0.0,1.41880451832e-09,-4.77234651797e-09,-2.76465659255e-08,-8.69548788529e-09,-1.30875799087e-08,-1.02984625272e-08,1.41880451832e-09,4.77234651797e-09,3.97539861297e-06,0.0,4.81555666454e-08,-7.1284432579e-08,-2.03094230322e-09,-1.23597061474e-08,-2.76465659255e-08,8.69548788529e-09,4.81555666454e-08,7.1284432579e-08,4.58895465272e-06,0.0,3.09320626002e-07,9.34251431772e-08,-1.30875799087e-08,1.02984625272e-08,-2.03094230322e-09,1.23597061474e-08,3.09320626002e-07,-9.34251431772e-08,5.33959382665e-06,0.0
1625182301904236056,height,4,32,width,4,8,imag,2,2,0,4.19096224391e-08,0.0,-1.36874012124e-09,-3.49998363625e-09,-2.6361286487e-08,-8.1972544308e-09,-1.4688465555e-08,-7.71880159789e-09,-1.36874012124e-09,3.49998363625e-09,3.95782262785e-06,0.0,1.25509389548e-08,-1.25451961708e-07,1.75001861891e-08,2.00279903773e-09,-2.6361286487e-08,8.1972544308e-09,1.25509389548e-08,1.25451961708e-07,4.63811647933e-06,0.0,3.20879792071e-07,6.40125819018e-08,-1.4688465555e-08,7.71880159789e-09,1.75001861891e-08,-2.00279903773e-09,3.20879792071e-07,-6.40125819018e-08,5.32692956767e-06,0.0
1625182302032367686,height,4,32,width,4,8,imag,2,2,0,4.15906740159e-08,0.0,2.25615165439e-10,-3.37962879904e-09,-2.75403184702e-08,-3.9201624169e-09,-1.26972965475e-08,-1.13214806419e-08,2.25615165439e-10,3.37962879904e-09,3.95531833419e-06,0.0,7.78263320456e-09,-9.55329255703e-08,4.33423181789e-08,-4.76373003266e-08,-2.75403184702e-08,3.9201624169e-09,7.78263320456e-09,9.55329255703e-08,4.58184604213e-06,0.0,2.52224879205e-07,7.27382314381e-08,-1.26972965475e-08,1.13214806419e-08,4.33423181789e-08,4.76373003266e-08,2.52224879205e-07,-7.27382314381e-08,5.39687243872e-06,0.0
1625182302161774772,height,4,32,width,4,8,imag,2,2,0,4.2003293288e-08,0.0,-2.37638508871e-09,-2.62144483898e-09,-2.85061876326e-08,-9.87361392646e-09,-1.25326797829e-08,-8.59010551579e-09,-2.37638508871e-09,2.62144483898e-09,3.97450276068e-06,0.0,2.6409821885e-08,-9.43067064441e-08,5.04392261291e-08,-2.12630322238e-08,-2.85061876326e-08,9.87361392646e-09,2.6409821885e-08,9.43067064441e-08,4.63143169327e-06,0.0,3.16414002555e-07,5.37228892483e-08,-1.25326797829e-08,8.59010551579e-09,5.04392261291e-08,2.12630322238e-08,3.16414002555e-07,-5.37228892483e-08,5.37793857802e-06,0.0
1625182302288758199,height,4,32,width,4,8,imag,2,2,0,4.18180334805e-08,0.0,3.81630904656e-09,-4.2163317282e-10,-3.17234025715e-08,-5.74712721857e-09,-1.44639598076e-08,-1.28344250783e-08,3.81630904656e-09,4.2163317282e-10,3.99681948693e-06,0.0,7.94791645831e-08,-9.66731761309e-08,-5.8453981211e-08,2.56577408209e-08,-3.17234025715e-08,5.74712721857e-09,7.94791645831e-08,9.66731761309e-08,4.5558022066e-06,0.0,3.07580108938e-07,9.95152760197e-08,-1.44639598076e-08,1.28344250783e-08,-5.8453981211e-08,-2.56577408209e-08,3.07580108938e-07,-9.95152760197e-08,5.36440029464e-06,0.0
1625182302425028103,height,4,32,width,4,8,imag,2,2,0,4.180676072e-08,0.0,1.20823862026e-09,-9.2187812939e-10,-2.71525397721e-08,-1.05064659195e-08,-6.34510222142e-09,-8.94627927295e-09,1.20823862026e-09,9.2187812939e-10,3.99526925321e-06,0.0,-1.78389381045e-09,-7.19425514717e-08,1.51575321183e-08,-6.6049223868e-09,-2.71525397721e-08,1.05064659195e-08,-1.78389381045e-09,7.19425514717e-08,4.57609849036e-06,0.0,2.95042866583e-07,1.70011105638e-07,-6.34510222142e-09,8.94627927295e-09,1.51575321183e-08,6.6049223868e-09,2.95042866583e-07,-1.70011105638e-07,5.37027244718e-06,0.0
1625182302554550304,height,4,32,width,4,8,imag,2,2,0,4.180484936e-08,0.0,-4.46664538689e-10,3.40813349764e-10,-2.71604871926e-08,-5.96508176187e-09,-1.50979495572e-08,-7.8118240765e-09,-4.46664538689e-10,-3.40813349764e-10,3.97278563469e-06,0.0,2.27253895702e-08,-7.60161853464e-08,-2.2200316252e-08,-1.74391097119e-08,-2.71604871926e-08,5.96508176187e-09,2.27253895702e-08,7.60161853464e-08,4.65029916086e-06,0.0,3.09898496198e-07,1.57535680501e-07,-1.50979495572e-08,7.8118240765e-09,-2.2200316252e-08,1.74391097119e-08,3.09898496198e-07,-1.57535680501e-07,5.3257581385e-06,0.0
1625182302683097398,height,4,32,width,4,8,imag,2,2,0,4.13879241989e-08,0.0,-9.8944930027e-10,-1.21491994243e-09,-2.82762258053e-08,-4.91105023315e-09,-1.49655345894e-08,-7.28020488339e-09,-9.8944930027e-10,1.21491994243e-09,4.02087744078e-06,0.0,-5.15661433553e-08,-1.16330177491e-07,3.55932243679e-08,-6.10624937281e-08,-2.82762258053e-08,4.91105023315e-09,-5.15661433553e-08,1.16330177491e-07,4.60057663076e-06,0.0,2.90470609343e-07,1.20953657756e-07,-1.49655345894e-08,7.28020488339e-09,3.55932243679e-08,6.10624937281e-08,2.90470609343e-07,-1.20953657756e-07,5.26790609001e-06,0.0
1625182302810647499,height,4,32,width,4,8,imag,2,2,0,4.17505923167e-08,0.0,1.06138597911e-09,-1.90311233439e-09,-2.60346197933e-08,-6.80842537903e-09,-1.19871215176e-08,-9.4751557711e-09,1.06138597911e-09,1.90311233439e-09,3.96694122173e-06,0.0,1.49519632231e-08,-9.22329519426e-08,5.76428105248e-09,-2.37506938561e-08,-2.60346197933e-08,6.80842537903e-09,1.49519632231e-08,9.22329519426e-08,4.63305559606e-06,0.0,2.62218975422e-07,1.43397357988e-07,-1.19871215176e-08,9.4751557711e-09,5.76428105248e-09,2.37506938561e-08,2.62218975422e-07,-1.43397357988e-07,5.33993988938e-06,0.0
1625182302939631767,height,4,32,width,4,8,imag,2,2,0,4.16975858286e-08,0.0,-6.64646060411e-10,-1.57168456028e-09,-2.47369964512e-08,-7.2284946917e-09,-1.38462326049e-08,-8.7583176267e-09,-6.64646060411e-10,1.57168456028e-09,3.97500980398e-06,0.0,4.12363796443e-08,-8.3588133748e-08,6.67913102603e-09,1.15813101331e-08,-2.47369964512e-08,7.2284946917e-09,4.12363796443e-08,8.3588133748e-08,4.61564195575e-06,0.0,3.09894772954e-07,1.11279469195e-07,-1.38462326049e-08,8.7583176267e-09,6.67913102603e-09,-1.15813101331e-08,3.09894772954e-07,-1.11279469195e-07,5.36628294867e-06,0.0
1625182303061369271,height,4,32,width,4,8,imag,2,2,0,4.19149301933e-08,0.0,-2.83615103625e-10,-1.17220122497e-09,-2.72199240925e-08,-1.01692538834e-08,-1.09666897785e-08,-9.24860188434e-09,-2.83615103625e-10,1.17220122497e-09,3.95774850404e-06,0.0,6.0184667916e-08,-1.61995785675e-07,3.63684513616e-08,6.83469636442e-09,-2.72199240925e-08,1.01692538834e-08,6.0184667916e-08,1.61995785675e-07,4.66098254037e-06,0.0,3.1341551221e-07,1.41468603942e-07,-1.09666897785e-08,9.24860188434e-09,3.63684513616e-08,-6.83469636442e-09,3.1341551221e-07,-1.41468603942e-07,5.27503425474e-06,0.0
1625182303187845845,height,4,32,width,4,8,imag,2,2,0,4.17474872449e-08,0.0,9.46321576656e-10,-3.00453528723e-09,-2.82482197633e-08,-1.22707435324e-08,-1.17371028452e-08,-7.17678405593e-09,9.46321576656e-10,3.00453528723e-09,3.97765506932e-06,0.0,-1.2617496381e-08,-4.05613320709e-08,-2.95455802046e-08,-1.03567519005e-08,-2.82482197633e-08,1.22707435324e-08,-1.2617496381e-08,4.05613320709e-08,4.53751408713e-06,0.0,2.98019330103e-07,1.01739040304e-07,-1.17371028452e-08,7.17678405593e-09,-2.95455802046e-08,1.03567519005e-08,2.98019330103e-07,-1.01739040304e-07,5.33399906999e-06,0.0
1625182303314587164,height,4,32,width,4,8,imag,2,2,0,4.18806322955e-08,0.0,2.76157829937e-09,-1.95633842459e-09,-2.8431852428e-08,-1.00408277248e-08,-1.35294522252e-08,-1.12285549747e-08,2.76157829937e-09,1.95633842459e-09,3.94951212002e-06,0.0,1.4245162383e-08,-7.19865553833e-08,5.04639885435e-09,-3.32028662342e-08,-2.8431852428e-08,1.00408277248e-08,1.4245162383e-08,7.19865553833e-08,4.64105733045e-06,0.0,3.5934965581e-07,9.84310446484e-08,-1.35294522252e-08,1.12285549747e-08,5.04639885435e-09,3.32028662342e-08,3.5934965581e-07,-9.84310446484e-08,5.32108697371e-06,0.0
1625182303443598743,height,4,32,width,4,8,imag,2,2,0,4.2069849826e-08,0.0,-1.51716328389e-09,-5.52729195746e-09,-2.57031373962e-08,-5.14866060897e-09,-1.12550209153e-08,-8.62264215584e-09,-1.51716328389e-09,5.52729195746e-09,4.00404587708e-06,0.0,8.45881444889e-08,-8.26422024147e-08,5.32451274182e-08,-2.42504372139e-09,-2.57031373962e-08,5.14866060897e-09,8.45881444889e-08,8.26422024147e-08,4.57397436548e-06,0.0,2.84609399159e-07,8.56653485926e-08,-1.12550209153e-08,8.62264215584e-09,5.32451274182e-08,2.42504372139e-09,2.84609399159e-07,-8.56653485926e-08,5.30707120561e-06,0.0
1625182303570591330,height,4,32,width,4,8,imag,2,2,0,4.19040020461e-08,0.0,6.67316035763e-10,4.01069577549e-09,-2.6960860211e-08,-2.76734901661e-09,-1.11850564366e-08,-6.77954314909e-09,6.67316035763e-10,-4.01069577549e-09,3.9667315832e-06,0.0,2.92635284893e-08,-7.29962224e-08,-3.1566313452e-10,-4.58477380505e-08,-2.6960860211e-08,2.76734901661e-09,2.92635284893e-08,7.29962224e-08,4.62678417534e-06,0.0,3.34861908868e-07,8.01863109245e-08,-1.11850564366e-08,6.77954314909e-09,-3.1566313452e-10,4.58477380505e-08,3.34861908868e-07,-8.01863109245e-08,5.27913016413e-06,0.0
1625182303699057977,height,4,32,width,4,8,imag,2,2,0,4.19815897601e-08,0.0,-5.90881843454e-10,-1.21378762596e-09,-2.68512057033e-08,-5.71306157937e-09,-1.68656519861e-08,-9.61127888388e-09,-5.90881843454e-10,1.21378762596e-09,3.92468746213e-06,0.0,3.75584008339e-08,-9.85748442872e-08,4.78216355404e-09,-1.19399290455e-08,-2.68512057033e-08,5.71306157937e-09,3.75584008339e-08,9.85748442872e-08,4.60001683678e-06,0.0,3.49064492866e-07,7.38711491977e-08,-1.68656519861e-08,9.61127888388e-09,4.78216355404e-09,1.19399290455e-08,3.49064492866e-07,-7.38711491977e-08,5.32504282091e-06,0.0
1625182303826598422,height,4,32,width,4,8,imag,2,2,0,4.15292369382e-08,0.0,7.97089061422e-10,-3.58868446071e-09,-2.92594712903e-08,-1.03151736042e-08,-1.40733673604e-08,-7.48869855016e-09,7.97089061422e-10,3.58868446071e-09,3.96282393922e-06,0.0,1.03578727817e-08,-6.86342502831e-08,1.01051531587e-08,-3.31564073974e-08,-2.92594712903e-08,1.03151736042e-08,1.03578727817e-08,6.86342502831e-08,4.61139006802e-06,0.0,3.58294073521e-07,1.21352329074e-07,-1.40733673604e-08,7.48869855016e-09,1.01051531587e-08,3.31564073974e-08,3.58294073521e-07,-1.21352329074e-07,5.32023250344e-06,0.0
1625182303955026884,height,4,32,width,4,8,imag,2,2,0,4.15246219632e-08,0.0,-1.91146343198e-09,-1.41584155511e-09,-2.80383734008e-08,-8.95007534751e-09,-1.41839660017e-08,-8.41144576214e-09,-1.91146343198e-09,1.41584155511e-09,3.99436657972e-06,0.0,1.55614916508e-08,-1.07629958279e-07,-2.67271573762e-08,1.85186372903e-08,-2.80383734008e-08,8.95007534751e-09,1.55614916508e-08,1.07629958279e-07,4.62899561171e-06,0.0,3.14635002496e-07,1.43224411886e-07,-1.41839660017e-08,8.41144576214e-09,-2.67271573762e-08,-1.85186372903e-08,3.14635002496e-07,-1.43224411886e-07,5.30698480361e-06,0.0
1625182304082108582,height,4,32,width,4,8,imag,2,2,0,5.96586651227e-05,0.0,0.00130221957806,0.0035421771463,-0.00112255185377,0.00372967706062,-0.00437872949988,-9.57778393058e-05,0.00130221957806,-0.0035421771463,0.244999155402,0.0,0.198730930686,0.150035902858,-0.105067335069,0.258257687092,-0.00112255185377,-0.00372967706062,0.198730930686,-0.150035902858,0.261531293392,0.0,0.0762866064906,0.275888413191,-0.00437872949988,9.57778393058e-05,-0.105067335069,-0.258257687092,0.0762866064906,-0.275888413191,0.325261622667,0.0
1625182304210885274,height,4,32,width,4,8,imag,2,2,0,9.45804276853e-05,0.0,0.00192944344599,0.00559919187799,-0.00190368271433,0.00581415463239,-0.00687145022675,-0.000255824939813,0.00192944344599,-0.00559919187799,0.380090713501,0.0,0.308130562305,0.234337508678,-0.161005526781,0.401815503836,-0.00190368271433,-0.00581415463239,0.308130562305,-0.234337508678,0.406304210424,0.0,0.121979340911,0.427942097187,-0.00687145022675,0.000255824939813,-0.161005526781,-0.401815503836,0.121979340911,-0.427942097187,0.505471765995,0.0
1625182304334682396,height,4,32,width,4,8,imag,2,2,0,9.43833656493e-05,0.0,0.00189488218166,0.00558530492708,-0.00192746962421,0.00577684305608,-0.0068328268826,-0.000364211184205,0.00189488218166,-0.00558530492708,0.377790272236,0.0,0.305426955223,0.232824891806,-0.164706870914,0.397576808929,-0.00192746962421,-0.00577684305608,0.305426955223,-0.232824891806,0.403608679771,0.0,0.117040127516,0.426138550043,-0.0068328268826,0.000364211184205,-0.164706870914,-0.397576808929,0.117040127516,-0.426138550043,0.501970529556,0.0
1625182304463643126,height,4,32,width,4,8,imag,2,2,0,9.54831702984e-05,0.0,0.00185978144873,0.00563285732642,-0.00199878588319,0.00579342152923,-0.00687804957852,-0.000310858216835,0.00185978144873,-0.00563285732642,0.377655059099,0.0,0.305135786533,0.233543843031,-0.158055409789,0.399962484837,-0.00199878588319,-0.00579342152923,0.305135786533,-0.233543843031,0.403937876225,0.0,0.124876782298,0.424119234085,-0.00687804957852,0.000310858216835,-0.158055409789,-0.399962484837,0.124876782298,-0.424119234085,0.502210378647,0.0
1625182304591088026,height,4,32,width,4,8,imag,2,2,0,9.49090026552e-05,0.0,0.00191299046855,0.00561235565692,-0.0019209968159,0.00581940962002,-0.00687492266297,-0.000383348669857,0.00191299046855,-0.00561235565692,0.379915595055,0.0,0.307897418737,0.233807638288,-0.166762858629,0.399139940739,-0.0019209968159,-0.00581940962002,0.307897418737,-0.233807638288,0.406563609838,0.0,0.115637667477,0.429349035025,-0.00687492266297,0.000383348669857,-0.166762858629,-0.399139940739,0.115637667477,-0.429349035025,0.504983961582,0.0
1625182304720222058,height,4,32,width,4,8,imag,2,2,0,9.42914193729e-05,0.0,0.0018388897879,0.00559863494709,-0.00197677593678,0.00576585996896,-0.00682455347851,-0.000426124286605,0.0018388897879,-0.00559863494709,0.377218902111,0.0,0.305835604668,0.232351392508,-0.164104789495,0.397156953812,-0.00197677593678,-0.00576585996896,0.305835604668,-0.232351392508,0.40438991785,0.0,0.116753511131,0.426229387522,-0.00682455347851,0.000426124286605,-0.164104789495,-0.397156953812,0.116753511131,-0.426229387522,0.50169801712,0.0
1625182304847668072,height,4,32,width,4,8,imag,2,2,0,9.48133165366e-05,0.0,0.00182258884888,0.00562535459176,-0.00202098302543,0.00576048856601,-0.00684239855036,-0.000484601681819,0.00182258884888,-0.00562535459176,0.377811074257,0.0,0.305275589228,0.233440548182,-0.165755450726,0.397138416767,-0.00202098302543,-0.00576048856601,0.305275589228,-0.233440548182,0.403502881527,0.0,0.116215236485,0.426251232624,-0.00684239855036,0.000484601681819,-0.165755450726,-0.397138416767,0.116215236485,-0.426251232624,0.501726746559,0.0
1625182304975901315,height,4,32,width,4,8,imag,2,2,0,9.54280112637e-05,0.0,0.00183263607323,0.00563320470974,-0.00201172404923,0.00579002592713,-0.00685693183914,-0.000473489752039,0.00183263607323,-0.00563320470974,0.376906365156,0.0,0.305466294289,0.232772707939,-0.165353029966,0.396078467369,-0.00201172404923,-0.00579002592713,0.305466294289,-0.232772707939,0.404276847839,0.0,0.115644216537,0.426275789738,-0.00685693183914,0.000473489752039,-0.165353029966,-0.396078467369,0.115644216537,-0.426275789738,0.500849664211,0.0
1625182305103076162,height,4,32,width,4,8,imag,2,2,0,9.57726442721e-05,0.0,0.0018063550815,0.00565391080454,-0.00203988957219,0.00578483892605,-0.00687749264762,-0.000397020281525,0.0018063550815,-0.00565391080454,0.377355128527,0.0,0.305741727352,0.232578545809,-0.159153491259,0.399125993252,-0.00203988957219,-0.00578483892605,0.305741727352,-0.232578545809,0.403769493103,0.0,0.122147150338,0.424664318562,-0.00687749264762,0.000397020281525,-0.159153491259,-0.399125993252,0.122147150338,-0.424664318562,0.5013641119,0.0
1625182305232185013,height,4,32,width,4,8,imag,2,2,0,9.65740764514e-05,0.0,0.00184668402653,0.00569628132507,-0.00202687084675,0.00584689015523,-0.00692959409207,-0.000461743940832,0.00184668402653,-0.00569628132507,0.380092233419,0.0,0.308035492897,0.233834326267,-0.165472313762,0.400257259607,-0.00202687084675,-0.00584689015523,0.308035492897,-0.233834326267,0.406655281782,0.0,0.11729285866,0.42935654521,-0.00692959409207,0.000461743940832,-0.165472313762,-0.400257259607,0.11729285866,-0.42935654521,0.505327224731,0.0
1625182305362706664,height,4,32,width,4,8,imag,2,2,0,1.00133847809e-05,0.0,0.000189910962945,0.000592744036112,-0.00021119696612,0.000607070222031,-0.000718271476217,-6.12750154687e-05,0.000189910962945,-0.000592744036112,0.0399000234902,0.0,0.0322607457638,0.0243996847421,-0.0180708840489,0.0416609197855,-0.00021119696612,-0.000607070222031,0.0322607457638,-0.0243996847421,0.0426630116999,0.0,0.0114982277155,0.0451663210988,-0.000718271476217,6.12750154687e-05,-0.0180708840489,-0.0416609197855,0.0114982277155,-0.0451663210988,0.0528403185308,0.0
1625182305487886110,height,4,32,width,4,8,imag,2,2,0,4.19325765222e-08,0.0,9.8011698757e-10,-1.41859946012e-09,-2.94424467029e-08,-1.25335306578e-08,-1.3952991651e-08,-6.14953510336e-09,9.8011698757e-10,1.41859946012e-09,3.97744815928e-06,0.0,3.39777628255e-08,-9.2118369821e-08,4.37236344908e-08,2.11962873919e-08,-2.94424467029e-08,1.25335306578e-08,3.39777628255e-08,9.2118369821e-08,4.65917401016e-06,0.0,3.35368440574e-07,1.43556221133e-07,-1.3952991651e-08,6.14953510336e-09,4.37236344908e-08,-2.11962873919e-08,3.35368440574e-07,-1.43556221133e-07,5.34382297701e-06,0.0
1625182305616001165,height,4,32,width,4,8,imag,2,2,0,4.21678585383e-08,0.0,-4.57999860259e-09,-4.29770574684e-09,-2.31709478271e-08,-5.98171689958e-09,-1.3646101138e-08,-1.04891055841e-08,-4.57999860259e-09,4.29770574684e-09,3.9649307837e-06,0.0,3.05449816551e-08,-1.38689827622e-07,-5.38596411914e-09,-1.79543899748e-08,-2.31709478271e-08,5.98171689958e-09,3.05449816551e-08,1.38689827622e-07,4.5922197387e-06,0.0,3.02650562389e-07,1.17917274167e-07,-1.3646101138e-08,1.04891055841e-08,-5.38596411914e-09,1.79543899748e-08,3.02650562389e-07,-1.17917274167e-07,5.2977688938e-06,0.0
1625182305750475564,height,4,32,width,4,8,imag,2,2,0,4.19545642671e-08,0.0,-1.78903294956e-10,-2.4827018219e-09,-2.88808621463e-08,-7.89466625406e-09,-1.60255861914e-08,-9.26135257373e-09,-1.78903294956e-10,2.4827018219e-09,3.94023390982e-06,0.0,2.64422284069e-09,-1.05752782531e-07,1.42292160277e-08,-4.45315677666e-08,-2.88808621463e-08,7.89466625406e-09,2.64422284069e-09,1.05752782531e-07,4.56382895209e-06,0.0,2.83598410533e-07,1.22767289668e-07,-1.60255861914e-08,9.26135257373e-09,1.42292160277e-08,4.45315677666e-08,2.83598410533e-07,-1.22767289668e-07,5.30133593202e-06,0.0
1625182305874582328,height,4,32,width,4,8,imag,2,2,0,4.19877999036e-08,0.0,-2.5900540393e-11,-3.25163385106e-09,-3.19878630251e-08,-1.00041086526e-08,-1.39640743413e-08,-8.69565930373e-09,-2.5900540393e-11,3.25163385106e-09,3.94083599531e-06,0.0,6.45880859906e-08,-1.14834669773e-07,1.06947384282e-08,-2.05628989391e-08,-3.19878630251e-08,1.00041086526e-08,6.45880859906e-08,1.14834669773e-07,4.63836477138e-06,0.0,2.89765551997e-07,8.4591505356e-08,-1.39640743413e-08,8.69565930373e-09,1.06947384282e-08,2.05628989391e-08,2.89765551997e-07,-8.4591505356e-08,5.40183600606e-06,0.0
